male_id	sample_number	date	sample_window_duration_h	sample_collection_time_s	cortisol_ng_mg_crea	testosterone_ng_mg_crea	triadic_interactions_per_h	infant_care_s_per_h	aggression_mm_per_h	david_score_norm	grooming_s_per_h	season	collection_method
A	23	2016-04-10	2.533333333333333	34320	241.9	53.2	0.39473684210526316	0	0	3.894103169885838	1035.7894736842106	non_mating	pipette
A	24	2016-04-10	5.989722222222222	51203	107.4	38.7	0.33390530074664937	0	0	3.894103169885838	511.3759680934935	non_mating	pipette
A	25	2016-04-10	5.993611111111111	70525	52.1	9.6	0	0	0.5005329749270057	3.894103169885838	192.5383510219215	non_mating	pipette
A	60	2016-04-20	1.01	28776	462.1	30.3	0	0	0	3.894103169885838	511.88118811881185	non_mating	pipette
A	62	2016-04-20	4.026388888888889	39690	168	13.9	0.24836150396688514	36.757502587099005	0.24836150396688514	3.894103169885838	391.1693687478441	non_mating	pipette
A	65	2016-04-20	5.769722222222223	56670	91.9	6.3	0	0	0.693274276635694	3.894103169885838	197.7564874103317	non_mating	pipette
A	67	2016-04-20	5.789444444444444	65572	173.5	36.5	0.5181844352749256	0	0.8636407254582094	3.894103169885838	354.2654255829575	non_mating	pipette
A	93	2016-05-01	2.6083333333333334	34623	427.1	33.3	0	0	0	3.894103169885838	0	non_mating	salivette
A	97	2016-05-01	5.9175	52429	243.2	23.4	0.1689902830587241	0	1.0139416983523446	3.894103169885838	130.2915082382763	non_mating	pipette
A	99	2016-05-01	5.9927777777777775	59700	90.5	18.5	0	0	1.1680726800778716	3.894103169885838	128.6548623342913	non_mating	pipette
A	100	2016-05-01	5.874722222222222	60570	181.3	8	0	0	1.191545699560263	3.894103169885838	139.75128847699654	non_mating	pipette
A	102	2016-05-01	5.873055555555555	70839	83.7	17.1	0.34053823960648916	0	0.5108073594097338	3.894103169885838	8.513455990162228	non_mating	pipette
A	173	2016-05-24	2.325	34290	329.6	18.2	0	0	0.8602150537634408	3.894103169885838	0	non_mating	pipette
A	175	2016-05-24	5.966111111111111	57754	109.6	19.8	0	2.3465872055126176	0.16761337182232983	3.894103169885838	369.75509824005957	non_mating	pipette
A	176	2016-05-24	5.9675	70920	28	33.3	0.5027230833682447	2.3460410557184748	0.1675743611227482	3.894103169885838	338.66778382907415	non_mating	pipette
A	242	2016-06-06	1.7666666666666666	32640	455.1	36.7	0	0	0.5660377358490566	3.894103169885838	0	non_mating	pipette
A	246	2016-06-06	5.7941666666666665	52020	99.1	12.6	0	0	1.8984610959298145	3.894103169885838	31.065727024306057	non_mating	pipette
A	280	2016-06-13	5.703333333333333	45612	673.2	17.1	0	0	1.5780245470485097	3.894103169885838	16.656925774400936	non_mating	pipette
A	282	2016-06-13	4.547777777777778	41452	202.1	10.3	0	0	0.8795504519912044	3.894103169885838	20.889323234791107	non_mating	salivette
A	283	2016-06-13	4.817777777777778	42424	515.8	12.6	0	0	1.0378228782287824	3.894103169885838	19.718634686346864	non_mating	salivette
A	285	2016-06-13	5.975	51000	455	32.1	0	0	2.175732217573222	3.894103169885838	15.89958158995816	non_mating	pipette
A	287	2016-06-13	5.971111111111111	54720	424.7	19.3	0	0	2.1771492370673613	3.894103169885838	50.07443245254931	non_mating	pipette
A	288	2016-06-13	5.873611111111111	50100	294	75	0	0	2.2132891936628045	3.894103169885838	16.174036415228187	non_mating	salivette
A	289	2016-06-13	5.97	56640	183.3	29.1	0	0	1.8425460636515913	3.894103169885838	34.17085427135679	non_mating	pipette
A	290	2016-06-13	5.887222222222222	61260	211.1	71.8	0	0	1.528734547513447	3.894103169885838	34.6513164103048	non_mating	pipette
A	291	2016-06-13	5.904166666666667	63990	343	18.3	0	0	1.3549752999294284	3.894103169885838	34.55187014820042	non_mating	pipette
A	292	2016-06-13	5.6594444444444445	70290	87.9	2.4	0.17669578875036812	0	0.5300873662511043	3.894103169885838	36.04594090507509	non_mating	pipette
A	351	2016-06-24	0.9416666666666667	31890	238	31.3	0	0	2.1238938053097347	3.894103169885838	0	non_mating	pipette
A	352	2016-06-24	5.921666666666667	50715	73.1	11.6	0.6754855052068675	0	2.8708133971291865	3.894103169885838	0	non_mating	pipette
A	405	2016-07-06	1.6655555555555555	31016	365.9	21.3	0	0	1.8012008005336893	3.894103169885838	0	non_mating	pipette
A	406	2016-07-06	4.980555555555555	42950	89.4	18.3	0.8031232571109872	0	3.0117122141662023	3.894103169885838	3.6140546569994427	non_mating	pipette
A	409	2016-07-06	5.752222222222223	69000	61.3	10.2	0.17384585667374927	10.430751400424956	0.8692292833687463	3.894103169885838	0	non_mating	pipette
A	410	2016-07-06	5.9825	56212	84.9	86.6	0.1671541997492687	0	2.0058503969912245	3.894103169885838	3.0087755954868367	non_mating	pipette
A	411	2016-07-06	5.9944444444444445	58629	122.5	55	0.16682113067655235	0	1.0009267840593141	3.894103169885838	3.0027803521779424	non_mating	pipette
A	412	2016-07-06	5.957222222222223	64200	70	28.6	0.16786347104355123	0	0.8393173552177562	3.894103169885838	0	non_mating	pipette
A	469	2016-07-22	5.034722222222222	43085	140.7	16	0.993103448275862	5.362758620689655	0.993103448275862	3.894103169885838	113.41241379310344	non_mating	pipette
A	470	2016-07-22	1.85	31620	217.3	33.1	1.6216216216216215	8.648648648648647	0.5405405405405405	3.894103169885838	308.64864864864865	non_mating	pipette
A	473	2016-07-22	5.942222222222222	61865	87.5	20	0.16828721017202694	0	0.6731488406881078	3.894103169885838	0	non_mating	pipette
A	507	2016-07-31	3.7488888888888887	38516	71.8	8.4	0.26674570243034973	0	1.066982809721399	3.894103169885838	5.868405453467695	non_mating	pipette
A	515	2016-07-31	5.997222222222222	48137	234.3	18.7	0.16674386289949053	0	1.5006947660954146	3.894103169885838	1.000463177396943	non_mating	pipette
A	517	2016-07-31	5.8869444444444445	49821	224.5	86.7	0.16986740905015807	0	1.5288066814514225	3.894103169885838	1.0192044543009484	non_mating	pipette
A	520	2016-07-31	5.956944444444445	61666	196	15.5	0	0	0.5036138960130566	3.894103169885838	1.0072277920261132	non_mating	pipette
A	521	2016-07-31	5.990833333333334	63570	146.1	7	0	0	0	3.894103169885838	0	non_mating	pipette
A	523	2016-07-31	5.934166666666667	71510	79.5	37.8	0	0	0.5055469737396433	3.894103169885838	160.93245330711977	non_mating	pipette
A	561	2016-08-13	5.795	47500	94.7	23.2	0.3451251078515962	0	1.0353753235547887	3.894103169885838	173.0802415875755	non_mating	pipette
A	562	2016-08-13	5.995	55257	63.4	47.1	0.16680567139282734	0	1.0008340283569641	3.894103169885838	167.30608840700583	non_mating	pipette
A	563	2016-08-13	5.8213888888888885	67910	41.3	26.3	0.17178031206756694	0	0.17178031206756694	3.894103169885838	146.35682588156703	non_mating	pipette
A	591	2016-08-20	2.609722222222222	34235	51.3	11.8	1.1495476317189997	0	0	3.894103169885838	0	non_mating	pipette
A	593	2016-08-20	5.086944444444445	43212	168.3	31.7	0.5897449898978867	0	0.5897449898978867	3.894103169885838	0.9829083164964778	non_mating	pipette
A	594	2016-08-20	3.3897222222222223	37102	164.4	10.6	0.8850282717364583	0	0.5900188478243055	3.894103169885838	0	non_mating	pipette
A	595	2016-08-20	5.9275	50480	172.3	44	0.33741037536904256	0	0.5061155630535639	3.894103169885838	199.7469422184732	non_mating	pipette
A	596	2016-08-20	5.933888888888889	51365	136.5	27.9	0.3370470929688231	0	0.5055706394532347	3.894103169885838	330.4746746559311	non_mating	pipette
A	599	2016-08-20	5.950833333333334	58180	181.7	33.7	0	0	0.16804369135975353	3.894103169885838	329.53367875647666	non_mating	pipette
A	645	2016-08-29	2.539722222222222	34823	193	12.1	0	0	1.1812315432571365	3.894103169885838	42.52433555725692	non_mating	pipette
A	648	2016-08-29	5.881944444444445	60921	75.9	33.8	0	0	0.8500590318772137	3.894103169885838	414.4887839433294	non_mating	pipette
A	697	2016-09-07	5.824722222222222	66181	122.1	29	0	0	0.8584100338595069	3.894103169885838	415.2987743812294	non_mating	pipette
A	732	2016-09-19	5.7027777777777775	46630	169	10.7	0.17535314174378958	0	3.5070628348757915	3.894103169885838	398.0516317584024	non_mating	salivette
A	733	2016-09-19	5.9688888888888885	62529	141.6	25.6	0	6.868950111690246	2.848101265822785	3.894103169885838	512.1556217423679	non_mating	pipette
A	789	2016-09-28	4.027222222222222	41678	158.7	22.2	0.49662022347910056	0	0.9932404469582011	3.894103169885838	133.09421989239897	non_mating	pipette
A	795	2016-09-28	5.996666666666667	51613	184.2	32.6	0.33351862145636463	0	0.500277932184547	3.894103169885838	112.89605336297943	non_mating	pipette
A	821	2016-10-06	4.484444444444445	44404	221.5	28.1	0	0	0.44598612487611494	3.894103169885838	322.67096134786914	non_mating	pipette
A	863	2016-10-16	4.972222222222222	46880	394.1	80.4	0	0	1.6089385474860334	3.894103169885838	190.0558659217877	non_mating	pipette
A	866	2016-10-16	5.514722222222222	59830	432	82.4	0	0	0	3.894103169885838	198.1967460837153	non_mating	pipette
A	907	2016-10-24	5.825277777777778	54630	490	110.4	0	1.3733250679509799	0	3.894103169885838	391.0543130990415	non_mating	pipette
B	3	2016-04-04	1.261111111111111	32440	196	11.1	0	0	0.7929515418502203	13.05927422960025	620.0881057268723	non_mating	pipette
B	4	2016-04-04	5.9925	61580	52.6	5.6	0	2.670004171881519	0.16687526074259493	13.05927422960025	298.5398414685023	non_mating	pipette
B	76	2016-04-25	2.3133333333333335	32268	446.8	13.3	0.4322766570605187	4.322766570605187	0	13.05927422960025	173.77521613832852	non_mating	pipette
B	79	2016-04-25	5.640833333333333	68091	145	13.1	0.17727877086718866	0.8863938543359433	2.1273452504062638	13.05927422960025	306.337716058502	non_mating	pipette
B	120	2016-05-07	5.991666666666666	49108	67.5	5.5	1.502086230876217	96.13351877607789	0.6675938803894298	13.05927422960025	168.56745479833103	non_mating	pipette
B	122	2016-05-07	5.895277777777777	63840	70.7	4.8	0.3392545822927956	3.05329124063516	0.1696272911463978	13.05927422960025	102.79413843471706	non_mating	pipette
B	151	2016-05-18	5.996111111111111	51955	116.4	9.5	0.5003242842583155	21.34716946168813	2.3348466598721394	13.05927422960025	274.34448253497635	non_mating	pipette
B	204	2016-05-29	5.975	56895	600	26.7	0	0	0.8368200836820084	13.05927422960025	0	non_mating	pipette
B	205	2016-05-29	5.988611111111111	60900	69.4	9.6	0	0	0.5009508789832553	13.05927422960025	0	non_mating	pipette
B	206	2016-05-29	5.758611111111111	67485	103.6	8.5	0	0	0.6946119338189186	13.05927422960025	5.0359365201871595	non_mating	pipette
B	207	2016-05-29	5.505833333333333	71155	82.3	12.5	0	0	0.9081277433025579	13.05927422960025	5.2671409111548355	non_mating	pipette
B	247	2016-06-08	1.0166666666666666	29100	236.2	16.4	6.885245901639345	71.8032786885246	0	13.05927422960025	0	non_mating	pipette
B	251	2016-06-08	5.886388888888889	48660	151.6	11.2	1.5289509697513095	12.401491199093956	0.6795337643339153	13.05927422960025	0	non_mating	pipette
B	255	2016-06-08	5.485	64905	68.6	8.8	0.7292616226071102	0	0	13.05927422960025	95.897903372835	non_mating	pipette
B	257	2016-06-08	5.7122222222222225	69894	63.3	7.1	0.7002528690916163	0	0	13.05927422960025	170.1614471892628	non_mating	pipette
B	258	2016-06-08	5.653611111111111	72414	37.5	6	0.17687810150837716	0	0	13.05927422960025	171.9255146661426	non_mating	pipette
B	328	2016-06-19	1.8075	32690	57.6	11	2.7662517289073305	0	1.6597510373443982	13.05927422960025	18.25726141078838	non_mating	pipette
B	329	2016-06-19	4.990833333333334	44210	88.2	6.5	2.604775421606278	402.1372516279846	2.404408081482718	13.05927422960025	6.612122224077475	non_mating	pipette
B	333	2016-06-19	5.98	52530	178.2	6.7	1.3377926421404682	335.61872909698997	1.5050167224080266	13.05927422960025	5.518394648829431	non_mating	pipette
B	383	2016-06-30	5.07	44520	169.6	8.2	0.9861932938856015	575.7396449704141	0.9861932938856015	13.05927422960025	108.28402366863905	non_mating	pipette
B	387	2016-06-30	5.8502777777777775	66314	84.3	6.6	1.0255923270499976	25.981672285266608	0.3418641090166659	13.05927422960025	417.0742130003324	non_mating	pipette
B	445	2016-07-16	5.790277777777778	71440	126.1	7.9	1.0362197169585032	126.59150875509714	0.34540657231950106	13.05927422960025	384.0921084192852	non_mating	pipette
B	501	2016-07-28	5.885555555555555	59000	217.8	15.2	0	0	0.5097224844251463	13.05927422960025	244.83670001887862	non_mating	pipette
B	504	2016-07-28	5.792777777777777	70439	103.8	14.9	0.1726287522777405	4.315718806943512	0.8631437613887025	13.05927422960025	606.9626930085356	non_mating	pipette
B	534	2016-08-03	5.520833333333333	54765	50.2	12.7	0.18113207547169813	0	0.9056603773584906	13.05927422960025	211.9245283018868	non_mating	pipette
B	535	2016-08-03	5.693333333333333	70235	57.9	9.1	0.351288056206089	76.05386416861826	0.1756440281030445	13.05927422960025	532.3770491803278	non_mating	pipette
B	565	2016-08-14	5.426111111111111	44434	165.1	9.3	0	0	1.1057643083853794	13.05927422960025	240.87232517661513	non_mating	pipette
B	566	2016-08-14	5.9686111111111115	47025	44.4	4.8	0	0	1.0052589938102108	13.05927422960025	218.97891748499092	non_mating	pipette
B	568	2016-08-14	5.753333333333333	45612	73.5	18.8	0	0	1.0428736964078795	13.05927422960025	227.1726535341831	non_mating	pipette
B	570	2016-08-14	5.998333333333333	60471	43.5	13.2	0.1667129758266185	0	0.5001389274798556	13.05927422960025	370.2695193109197	non_mating	pipette
B	571	2016-08-14	5.8175	66765	48.1	6.2	0.17189514396218308	0	0.17189514396218308	13.05927422960025	354.6196819939837	non_mating	pipette
B	573	2016-08-14	5.743055555555555	71750	44.4	14	0.17412333736396615	13.407496977025394	0.17412333736396615	13.05927422960025	440.7061668681983	non_mating	pipette
B	627	2016-08-25	5.21	44036	156.8	51.2	0.19193857965451055	0	0.9596928982725528	13.05927422960025	312.09213051823417	non_mating	pipette
B	633	2016-08-25	5.7925	51179	74.3	8	0.17263703064307293	3.1074665515753126	0.5179110919292188	13.05927422960025	270.86750107898143	non_mating	pipette
B	667	2016-09-01	5.365	44034	160.9	12.9	1.1183597390493942	24.231127679403542	0.5591798695246971	13.05927422960025	189.37558247903075	non_mating	pipette
B	670	2016-09-01	5.96	54755	58.6	10.2	0	0	0.33557046979865773	13.05927422960025	154.0268456375839	non_mating	pipette
B	672	2016-09-01	5.7283333333333335	60308	147	17.3	0	0	0.17457084666860634	13.05927422960025	206.6918824556299	non_mating	pipette
B	760	2016-09-23	4.171666666666667	41898	124.9	12.9	0.4794246903715541	0	0.4794246903715541	13.05927422960025	487.8146224530563	non_mating	pipette
B	766	2016-09-23	5.7925	58723	203.3	18.6	0.17263703064307293	0	0.5179110919292188	13.05927422960025	105.48122572291756	non_mating	pipette
B	819	2016-10-05	4.334722222222222	43865	186.5	15.7	0	0	0.2306952899711631	13.05927422960025	47.5232297340596	non_mating	pipette
B	853	2016-10-14	1.741111111111111	35068	475.3	32.9	0	4.020421186981493	0.574345883854499	13.05927422960025	131.52520740268028	non_mating	pipette
B	854	2016-10-14	3.591111111111111	41728	310.8	30.1	0	1.9492574257425743	0.2784653465346535	13.05927422960025	63.76856435643564	non_mating	pipette
B	856	2016-10-14	5.5125	48645	497.8	31.1	0	1.2698412698412698	0.18140589569160998	13.05927422960025	41.54195011337868	non_mating	pipette
B	861	2016-10-14	5.976944444444444	64500	137.1	21.7	0	0	0	13.05927422960025	156.4344471812985	non_mating	pipette
B	897	2016-10-23	4.55	45960	832	59.4	0	63.2967032967033	0.43956043956043955	13.05927422960025	297.14285714285717	non_mating	pipette
B	898	2016-10-23	5.041666666666667	47730	1330	35	0	57.123966942148755	0.396694214876033	13.05927422960025	268.1652892561983	non_mating	pipette
C	26	2016-04-11	2.0616666666666665	32742	133.5	8.1	0.4850444624090542	93.61358124494745	0.9700889248181084	7.920606174279518	26.192400970088926	non_mating	pipette
C	28	2016-04-11	5.966388888888889	64468	131.6	14.8	0.5028167046883002	0	0.3352111364588668	7.920606174279518	286.2703105358722	non_mating	salivette
C	30	2016-04-11	5.799444444444444	70690	80.9	19.8	1.2070121659162756	72.59316026439315	0	7.920606174279518	294.5109684835712	non_mating	salivette
C	71	2016-04-22	3.1330555555555555	37262	226.4	22.6	0	10.2136714247717	0.31917723202411563	7.920606174279518	41.17386293111092	non_mating	pipette
C	72	2016-04-22	4.949166666666667	43800	205.1	15.3	0.20205421788179828	6.465734972217545	0.20205421788179828	7.920606174279518	335.61205590166696	non_mating	salivette
C	106	2016-05-03	2.01	33900	278.6	32.7	0.49751243781094534	0	1.492537313432836	7.920606174279518	354.2288557213931	non_mating	salivette
C	107	2016-05-03	3.8669444444444445	40585	119.1	5.5	0.775806335751742	0	0.775806335751742	7.920606174279518	363.0773651318152	non_mating	pipette
C	109	2016-05-03	4.5808333333333335	46440	154	50	0.6549026741859195	0	0.6549026741859195	7.920606174279518	291.2133891213389	non_mating	pipette
C	111	2016-05-03	5.586666666666667	56666	183.4	9.2	0.5369928400954653	0	0.7159904534606205	7.920606174279518	201.19331742243435	non_mating	salivette
C	135	2016-05-15	2.7944444444444443	35940	103.7	16.7	0	22.90258449304175	0.35785288270377735	7.920606174279518	103.41948310139166	non_mating	pipette
C	136	2016-05-15	4.703611111111111	43050	197.2	9.6	0	13.606567058406663	1.4882182720132286	7.920606174279518	272.34394377842085	non_mating	pipette
C	177	2016-05-25	0.8	28680	307.5	41	3.75	0	0	7.920606174279518	51.25	non_mating	pipette
C	178	2016-05-25	1.4847222222222223	31445	252.7	23.6	2.6941066417212345	0	0.6735266604303086	7.920606174279518	27.614593077642656	non_mating	pipette
C	180	2016-05-25	5.908333333333333	50250	64	10.2	0.846262341325811	7.6163610719323	1.8617771509167842	7.920606174279518	433.96332863187587	non_mating	salivette
C	182	2016-05-25	5.393055555555556	66645	121.9	9.7	2.039660056657224	85.6657223796034	0.37084728302858616	7.920606174279518	372.3306721607005	non_mating	salivette
C	184	2016-05-25	5.842777777777778	68398	95.4	11.3	2.053817628601312	79.07197870115051	0.34230293810021867	7.920606174279518	343.67214985261955	non_mating	pipette
C	185	2016-05-25	5.8758333333333335	69422	117.9	13.2	1.8720748829953198	78.62714508580343	0.3403772514536945	7.920606174279518	309.91348744858885	non_mating	salivette
C	234	2016-06-05	2.642777777777778	36474	88.6	7.9	1.8919487071683834	18.919487071683832	1.13516922430103	7.920606174279518	97.62455328988858	non_mating	salivette
C	235	2016-06-05	4.042777777777777	41514	168.8	10.1	1.2367733956300675	12.367733956300675	0.7420640373780405	7.920606174279518	63.81750721451148	non_mating	pipette
C	236	2016-06-05	5.981388888888889	60630	276.3	22.7	0.1671852505456741	15.882598801839038	0.5015557516370223	7.920606174279518	305.1130822458552	non_mating	pipette
C	237	2016-06-05	5.970555555555555	61920	142.5	18.2	0.16748860147017772	15.911417139666884	0.5024658044105332	7.920606174279518	305.66669768307435	non_mating	pipette
C	277	2016-06-15	5.995555555555556	55410	191.3	8.8	0.16679021497405486	1.1675315048183839	0.3335804299481097	7.920606174279518	5.83765752409192	non_mating	salivette
C	293	2016-06-15	0.7083333333333334	28050	732.2	29.4	0	0	1.4117647058823528	7.920606174279518	686.1176470588235	non_mating	pipette
C	301	2016-06-15	5.999722222222222	52740	220	10	0.3333487661465809	3.83351081068568	0.6666975322931618	7.920606174279518	62.83624241863049	non_mating	pipette
C	304	2016-06-15	5.710277777777778	72210	269.4	8.9	1.2258598044461742	2.6268424380989446	0.3502456584131926	7.920606174279518	131.86749039256702	non_mating	pipette
C	360	2016-06-26	5.989444444444445	64260	132.7	11.7	0.8348019664224098	46.08106854651702	0.3339207865689639	7.920606174279518	120.71236434468045	non_mating	pipette
C	427	2016-07-10	2.7172222222222224	36125	163.9	15.7	1.840114496013085	52.25925168677162	0.7360457984052341	7.920606174279518	0	non_mating	pipette
C	429	2016-07-10	5.999444444444444	57895	83.7	37.4	1.3334568015556996	21.00194462450227	0	7.920606174279518	63.67256227428466	non_mating	pipette
C	430	2016-07-10	5.9	63180	65.2	30.4	1.0169491525423728	0	0	7.920606174279518	64.7457627118644	non_mating	pipette
C	431	2016-07-10	5.908055555555555	67320	45.2	15.7	0.8463021298603601	0	0.5077812779162161	7.920606174279518	164.18261319290988	non_mating	pipette
C	432	2016-07-10	5.908888888888889	69180	64.4	17.7	0.8461827754795036	0	0.6769462203836029	7.920606174279518	164.15945844302368	non_mating	pipette
C	481	2016-07-25	2.076388888888889	32555	3808	200	2.8896321070234112	408.8829431438127	0.4816053511705686	7.920606174279518	257.6588628762542	non_mating	pipette
C	483	2016-07-25	2.9125	36245	165.2	13.4	11.330472103004292	911.244635193133	1.3733905579399142	7.920606174279518	229.69957081545064	non_mating	pipette
C	484	2016-07-25	5.674444444444444	46201	98.8	7.8	7.577834345016644	700.8615625611906	2.9958879968670455	7.920606174279518	160.36812218523596	non_mating	pipette
C	524	2016-08-01	1.0630555555555556	29027	1978.7	200	10.347530702900443	3099.55578782336	1.8813692187091715	7.920606174279518	1398.798014110269	non_mating	pipette
C	527	2016-08-01	5.8902777777777775	49370	134.1	14.6	7.639707616128272	1021.1742513558123	1.6977128035840605	7.920606174279518	250.41263852864893	non_mating	pipette
C	528	2016-08-01	4.831388888888889	67887	153	29.1	2.6907376530788247	361.17978497096533	0.6209394584028057	7.920606174279518	235.75001437359856	non_mating	pipette
C	555	2016-08-10	4.478055555555556	41359	231	11.7	4.6895353886235345	819.328825755226	0.8932448359282923	7.920606174279518	327.15092115873705	non_mating	pipette
C	557	2016-08-10	5.811388888888889	60840	269.2	29.3	4.818125328617179	1310.3580134792792	0.1720759045934707	7.920606174279518	0	non_mating	pipette
C	611	2016-08-24	2.1433333333333335	32465	224	20	3.732503888024883	1102.48833592535	0	7.920606174279518	0	non_mating	pipette
C	614	2016-08-24	4.204444444444444	39885	172.6	17.6	2.3784355179704018	601.0306553911205	0.47568710359408034	7.920606174279518	0	non_mating	pipette
C	615	2016-08-24	5.9275	49153	128.1	9.9	0.6748207507380851	426.3180092787853	0.33741037536904256	7.920606174279518	104.42851117671869	non_mating	pipette
C	617	2016-08-24	5.919722222222222	47880	54.9	23.5	1.0135610717469852	426.8781380507719	0.3378536905823284	7.920606174279518	104.56571723523064	non_mating	salivette
C	620	2016-08-24	5.729166666666667	68550	48.4	50.8	3.665454545454545	548.9454545454545	0.34909090909090906	7.920606174279518	379.2872727272727	non_mating	pipette
C	621	2016-08-24	5.925277777777778	69824	48	29.7	3.7129060991045897	530.7768037129061	0.33753691810041725	7.920606174279518	366.73386151610333	non_mating	pipette
C	655	2016-08-31	3.5597222222222222	37655	142.1	19.7	5.3374951229028484	625.6106125634022	1.1236831837690207	7.920606174279518	203.94849785407726	non_mating	pipette
C	657	2016-08-31	5.886111111111111	48235	230.9	18	2.208588957055215	250.58990089664937	0.33978291647003306	7.920606174279518	55.894289759320436	non_mating	pipette
C	660	2016-08-31	5.657222222222222	68730	101	33.9	2.297947559658254	274.1628203869194	0	7.920606174279518	144.24040066777965	non_mating	pipette
C	662	2016-08-31	5.711388888888889	59190	61.5	9.7	1.22562132192014	216.05953017849325	0	7.920606174279518	90.87106658236466	non_mating	pipette
C	663	2016-08-31	5.7252777777777775	66420	67.8	16.8	1.7466401436126342	221.1246421813595	0	7.920606174279518	142.52583571879094	non_mating	pipette
C	714	2016-09-14	0.9355555555555556	29468	265.7	14	3.2066508313539193	126.12826603325415	1.0688836104513064	7.920606174279518	115.43942992874109	non_mating	pipette
C	715	2016-09-14	2.355277777777778	34579	201.6	13	2.5474702205448754	50.10024767071589	0.4245783700908126	7.920606174279518	79.39615520698196	non_mating	pipette
C	716	2016-09-14	4.465277777777778	42450	273	19.6	1.567651632970451	53.972006220839816	0.223950233281493	7.920606174279518	41.878693623639194	non_mating	pipette
C	717	2016-09-14	5.884722222222222	49314	144.5	12.9	0.679726221383054	70.86145857918339	0	7.920606174279518	15.97356620250177	non_mating	pipette
C	718	2016-09-14	5.962777777777778	60932	119.7	16.3	1.0062424298891268	91.40035404826236	0.16770707164818782	7.920606174279518	176.59554644554177	non_mating	pipette
C	735	2016-09-20	1.5816666666666668	31989	181.5	16.7	5.057955742887249	421.7070600632244	0	7.920606174279518	306.0063224446786	non_mating	pipette
C	737	2016-09-20	2.0597222222222222	33710	286.3	18.4	3.8840188806473366	323.8300741739717	0	7.920606174279518	234.98314227916384	non_mating	pipette
C	740	2016-09-20	4.553333333333334	42962	274.4	43	2.1961932650073206	581.3323572474377	1.5373352855051243	7.920606174279518	388.7262079062957	non_mating	pipette
C	744	2016-09-20	5.663611111111111	63570	128	21.9	0.8828289764088479	279.8567855216048	0.35313159056353915	7.920606174279518	510.9814115454412	non_mating	pipette
C	745	2016-09-20	5.664166666666667	64858	186.7	28.9	0.8827423863469178	279.8293364719729	0.17654847726938355	7.920606174279518	498.9259967632779	non_mating	pipette
C	747	2016-09-20	5.831388888888889	53040	271.5	24.2	0.6859429333587386	347.08712427952173	1.3718858667174771	7.920606174279518	612.5470394893536	non_mating	pipette
C	748	2016-09-20	5.724444444444444	54825	299.7	26.8	0.6987577639751553	353.5714285714286	1.3975155279503106	7.920606174279518	623.9906832298137	non_mating	pipette
C	750	2016-09-20	5.713055555555556	66919	191.2	24.4	1.0502260903388922	277.43472553119074	0.1750376817231487	7.920606174279518	494.6564885496183	non_mating	pipette
C	786	2016-09-28	1.8775	33724	229.7	15.9	1.0652463382157125	534.2210386151797	1.0652463382157125	7.920606174279518	0	non_mating	pipette
C	787	2016-09-28	2.858611111111111	37294	234.8	20	0.6996404625400835	350.8696919638519	1.0494606938101254	7.920606174279518	157.4191040715188	non_mating	pipette
C	790	2016-09-28	5.4	46443	155.1	22.3	0.7407407407407407	191.48148148148147	0.5555555555555555	7.920606174279518	314.4444444444444	non_mating	pipette
C	797	2016-09-28	5.8694444444444445	65065	108.5	41.5	1.0222432560340748	524.581164221486	0.17037387600567913	7.920606174279518	339.7255087553242	non_mating	pipette
C	808	2016-10-02	4.174166666666666	43270	380.9	44.1	0.9582751048113397	531.123976841685	0.47913755240566985	7.920606174279518	5.510081852665203	non_mating	pipette
C	809	2016-10-02	5.290277777777778	47288	232.9	44.2	0.7561039642950905	419.07062221055395	0.5670779732213179	7.920606174279518	4.347597794696771	non_mating	pipette
C	830	2016-10-10	0.8405555555555555	30866	354	44.8	5.948446794448117	491.34170522141443	3.56906807666887	7.920606174279518	0	non_mating	pipette
C	831	2016-10-10	1.4033333333333333	32892	215.4	38.5	3.5629453681710213	294.29928741092635	2.137767220902613	7.920606174279518	0	non_mating	pipette
C	836	2016-10-10	5.998055555555555	49805	364.7	46.5	1.1670448756541472	85.52771731579679	1.0003241791321262	7.920606174279518	183.0593247811791	non_mating	pipette
C	881	2016-10-20	3.5455555555555556	42040	263.5	490.2	0	1.6922594797869006	0	7.920606174279518	0	non_mating	pipette
C	883	2016-10-20	5.926666666666667	56678	328.2	71.4	0.5061867266591676	3.712035995500562	0	7.920606174279518	214.45444319460069	non_mating	pipette
C	884	2016-10-20	5.992222222222222	59985	137.7	9.4	1.1681809753384016	206.6011496384202	0.16688299647691454	7.920606174279518	219.78490636009644	non_mating	pipette
D	37	2016-04-16	4.189166666666667	40314	586.7	128.6	0.23871096081161725	16.70976725681321	0.7161328824348517	2.042050003474529	320.35010940919034	non_mating	salivette
D	38	2016-04-16	5.836111111111111	46243	726.9	103.8	0.17134697762970014	11.99428843407901	0.8567348881485007	2.042050003474529	229.94764397905757	non_mating	salivette
D	39	2016-04-16	5.896944444444444	61200	280	69.4	0	0	2.034952188044656	2.042050003474529	51.89128079513873	non_mating	salivette
D	40	2016-04-16	5.9225	53465	380.2	71.6	0	0	1.3507809202195018	2.042050003474529	216.96918531025747	non_mating	salivette
D	42	2016-04-16	5.831944444444445	67009	231.9	101.6	0	0	1.7146939747558942	2.042050003474529	114.54155751369373	non_mating	salivette
D	82	2016-04-27	5.890833333333333	55130	252.8	92.2	0	0	0.6790210779459612	2.042050003474529	69.26014995048804	non_mating	salivette
D	152	2016-05-19	1.1444444444444444	29395	525	134.4	0	0	1.7475728155339807	2.042050003474529	0	non_mating	pipette
D	154	2016-05-19	4.072777777777778	41470	336	138.5	0.24553266948574548	0	1.9642613558859638	2.042050003474529	20.13367889783113	non_mating	salivette
D	157	2016-05-19	5.579444444444444	66440	203.6	281	0	0	0.5376879418500448	2.042050003474529	120.08364034651001	non_mating	salivette
D	203	2016-05-29	5.61	46896	201.2	22	0	0	0.35650623885918004	2.042050003474529	378.0748663101604	non_mating	salivette
D	344	2016-06-22	5.766388888888889	67200	112.5	30.6	0	0	0.34683751625800857	2.042050003474529	543.6678067344285	non_mating	salivette
D	388	2016-07-02	5.099444444444444	43623	369.5	14.4	0.7843991720230963	139.8191524131169	0.9804989650288704	2.042050003474529	352.5874278243818	non_mating	pipette
D	393	2016-07-02	5.845833333333333	55440	68.4	33.3	0.684248039914469	113.41411261582324	0.3421240199572345	2.042050003474529	209.0377761938703	non_mating	pipette
D	394	2016-07-02	5.837777777777778	57380	199.1	14.8	0.6851922344880091	113.5706128663875	0.34259611724400457	2.042050003474529	209.32622763608677	non_mating	pipette
D	396	2016-07-02	5.897777777777778	67633	352	102.9	0	0	0	2.042050003474529	104.44611906556142	non_mating	pipette
D	456	2016-07-18	5.8438888888888885	48199	266.9	53.3	0	7.358113889152962	0.6844757106188801	2.042050003474529	322.55917862914725	non_mating	pipette
D	482	2016-07-25	2.1241666666666665	34200	428.4	20.9	0.4707728520988623	0	0	2.042050003474529	0	non_mating	pipette
D	485	2016-07-25	5.869166666666667	51730	304.5	16.1	0.6815277580576459	5.452222064461167	1.1926735766008802	2.042050003474529	90.30242794263808	non_mating	pipette
D	486	2016-07-25	5.880277777777778	68280	273.7	50.9	0.5101799801596675	37.92337852520195	0.1700599933865558	2.042050003474529	171.93065331380794	non_mating	pipette
D	540	2016-08-04	5.995555555555556	51720	181.2	71.4	0.6671608598962194	0	0.6671608598962194	2.042050003474529	444.9962935507783	non_mating	pipette
D	544	2016-08-04	5.490833333333334	68187	265.8	22.7	0.3642434360297465	0	0.9106085900743663	2.042050003474529	43.162847169524966	non_mating	pipette
D	624	2016-08-25	3.1280555555555556	36281	262.9	44.9	1.2787496669922742	39.32155226001243	0.6393748334961371	2.042050003474529	29.730929757570376	non_mating	pipette
D	625	2016-08-25	3.8033333333333332	39196	257.3	35.1	1.3146362839614374	32.34005258545136	1.8404907975460123	2.042050003474529	24.452234881682735	non_mating	pipette
D	626	2016-08-25	3.9616666666666664	39766	291.2	52	1.2620950778291966	31.047538914598235	1.766933108960875	2.042050003474529	23.474968447623056	non_mating	pipette
D	628	2016-08-25	4.489722222222222	41972	114.1	44.4	1.1136546433211656	27.395904225700672	1.559116500649632	2.042050003474529	20.71397636577368	non_mating	pipette
D	629	2016-08-25	2.4730555555555553	33923	421.9	26	1.2130742446366394	49.736044030102214	0.808716163091093	2.042050003474529	37.60530158373582	non_mating	pipette
D	631	2016-08-25	5.779722222222222	51165	138.4	23.6	0.34603739126255584	0	0.8650934781563896	2.042050003474529	118.86384389868793	non_mating	pipette
D	634	2016-08-25	5.855555555555555	61740	124.5	13.2	0.3415559772296015	0.8538899430740039	0.5123339658444023	2.042050003474529	143.45351043643265	non_mating	pipette
D	679	2016-09-04	1.2458333333333333	29625	226.6	24.4	0	0	0	2.042050003474529	0	non_mating	pipette
D	680	2016-09-04	3.7525	38649	728	35	0	0	0.2664890073284477	2.042050003474529	0	non_mating	pipette
D	681	2016-09-04	4.4225	41460	653.3	83.3	0	0	0.22611644997173544	2.042050003474529	0	non_mating	pipette
D	682	2016-09-04	5.5808333333333335	45630	360	50	0	0	0.17918470957144988	2.042050003474529	368.0453934597581	non_mating	pipette
D	683	2016-09-04	5.824722222222222	48109	218.5	26.8	0.17168200677190137	0	0.34336401354380275	2.042050003474529	352.63484190948543	non_mating	pipette
D	721	2016-09-16	4.769444444444445	42970	248.1	67.1	0.838672102504368	3.774024461269656	2.516016307513104	2.042050003474529	441.77052999417583	non_mating	pipette
D	725	2016-09-16	5.910833333333334	66735	248.5	20.6	0.16918088256027067	5.752150007049203	0.6767235302410827	2.042050003474529	285.4081488791766	non_mating	pipette
D	726	2016-09-16	5.916388888888889	60053	279.2	33.2	0	8.2820789708437	0.676088079252547	2.042050003474529	285.1401474247617	non_mating	pipette
D	770	2016-09-25	2.908333333333333	37770	323.9	26.9	0.34383954154727797	0	1.3753581661891119	2.042050003474529	314.9570200573066	non_mating	pipette
D	772	2016-09-25	5.996944444444445	50118	215.4	12.7	0.16675158645606558	4.669044420769836	0.5002547593681967	2.042050003474529	385.36291629996754	non_mating	pipette
D	773	2016-09-25	5.986111111111111	57549	190	15.6	0.3341067285382831	7.684454756380511	0.16705336426914155	2.042050003474529	233.03944315545246	non_mating	pipette
D	774	2016-09-25	5.890555555555555	67746	157.8	75.4	0.1697632745449401	3.0557389418089222	0.3395265490898802	2.042050003474529	117.81571253418844	non_mating	pipette
D	833	2016-10-10	1.3555555555555556	32780	233.3	50	0.7377049180327868	0	0.7377049180327868	2.042050003474529	62.704918032786885	non_mating	pipette
D	834	2016-10-10	5.185277777777777	46567	234	59.7	0.19285369904108857	0	0.7714147961643543	2.042050003474529	158.14003321369262	non_mating	pipette
D	835	2016-10-10	5.387222222222222	47294	398.5	60.9	0.18562441992368772	0	0.7424976796947509	2.042050003474529	152.21202433742394	non_mating	pipette
D	837	2016-10-10	5.262222222222222	56520	280	23	0.19003378378378377	0	0.5701013513513513	2.042050003474529	139.67483108108107	non_mating	pipette
D	839	2016-10-10	5.257777777777778	65640	73	27.2	0.19019442096365172	1.1411665257819104	0.19019442096365172	2.042050003474529	147.7810650887574	non_mating	pipette
D	879	2016-10-20	2.9433333333333334	39756	587.3	42.7	0	0	1.0192525481313703	2.042050003474529	115.17553793884484	non_mating	pipette
D	880	2016-10-20	3.3394444444444447	41490	625.1	93	0	0	0.8983530194643153	2.042050003474529	101.51389119946764	non_mating	pipette
D	882	2016-10-20	3.861111111111111	43632	700	107.1	0	0	0.776978417266187	2.042050003474529	87.79856115107914	non_mating	pipette
E	27	2016-04-11	5.942222222222222	56166	96.1	8.7	0.16828721017202694	0	1.3462976813762155	11.105058802117625	316.0433807030666	non_mating	salivette
E	29	2016-04-11	5.693333333333333	69960	56	6.9	0.1756440281030445	7.201405152224824	0	11.105058802117625	331.26463700234194	non_mating	salivette
E	115	2016-05-04	5.11	46574	211.2	9.3	0.19569471624266144	0	0.9784735812133072	11.105058802117625	82.58317025440313	non_mating	salivette
E	116	2016-05-04	4.785833333333334	51752	275.2	9.7	0.20895002611875324	0	1.0447501305937663	11.105058802117625	88.17691102211387	non_mating	salivette
E	142	2016-05-16	5.255277777777778	44059	190.5	16.5	0.38056979755801046	3.6154130768010995	1.1417093926740314	11.105058802117625	59.74945821660764	non_mating	salivette
E	147	2016-05-16	5.989444444444445	64200	192.8	26.2	0	0	0.16696039328448195	11.105058802117625	375.6608848900844	non_mating	salivette
E	148	2016-05-16	5.749444444444444	66712	60.7	22	0	0	0	11.105058802117625	391.3421586626727	non_mating	salivette
E	188	2016-05-27	2.1333333333333333	34740	167	21.6	0	0	0	11.105058802117625	0	non_mating	salivette
E	193	2016-05-27	5.913333333333333	51260	94.4	17.6	0.16910935738444194	0	0.6764374295377678	11.105058802117625	456.59526493799325	non_mating	salivette
E	194	2016-05-27	5.927777777777778	53202	112	29.2	0.16869728209934395	0	0.6747891283973758	11.105058802117625	508.45360824742266	non_mating	salivette
E	201	2016-05-27	5.996944444444445	60780	100.3	37.3	0	0	1.0005095187363935	11.105058802117625	709.1944971976469	non_mating	salivette
E	225	2016-06-03	2.863888888888889	39133	102.4	40.3	0.3491755577109602	0	1.3967022308438408	11.105058802117625	269.91270611057223	non_mating	salivette
E	226	2016-06-03	4.68	46113	127.3	30.6	0.4273504273504274	0	1.2820512820512822	11.105058802117625	165.17094017094018	non_mating	pipette
E	228	2016-06-03	5.690555555555555	53627	61.1	16.4	0.35145953333984187	0	1.0543786000195257	11.105058802117625	0	non_mating	pipette
E	307	2016-06-16	2.525	34950	226.9	20.9	0	0	0	11.105058802117625	0	non_mating	pipette
E	311	2016-06-16	5.333333333333333	45060	50	17.8	0.375	0	0.375	11.105058802117625	1.125	non_mating	pipette
E	314	2016-06-16	5.915555555555556	51620	114.5	31.8	0.33809166040571	0	0.33809166040571	11.105058802117625	1.01427498121713	non_mating	pipette
E	320	2016-06-16	5.941111111111111	60161	146.5	43	0.1683186833738545	0	0.673274733495418	11.105058802117625	131.79352908172808	non_mating	salivette
E	321	2016-06-16	5.907222222222222	62760	300	61.8	0.16928430358318444	0	0.3385686071663689	11.105058802117625	131.5339038841343	non_mating	pipette
E	363	2016-06-27	5.457222222222223	45086	89.6	24	0.7329736333095795	0	0.36648681665478977	11.105058802117625	756.7952763921409	non_mating	pipette
E	366	2016-06-27	5.996388888888889	53160	96.2	38.4	0.6670681428637606	0	0	11.105058802117625	475.2860517904294	non_mating	pipette
E	369	2016-06-27	5.94	58371	96	53.1	0.6734006734006733	9.427609427609427	0	11.105058802117625	479.7979797979798	non_mating	pipette
E	434	2016-07-11	1.031388888888889	29213	241.3	23.1	0	0	0	11.105058802117625	0	non_mating	pipette
E	435	2016-07-11	2.4625	34365	169	12.1	0	0	0	11.105058802117625	250.96446700507616	non_mating	pipette
E	436	2016-07-11	5.644722222222223	45821	92.2	17.1	1.5944097239309087	203.90728802716401	0.7086265439692928	11.105058802117625	120.11219920279513	non_mating	pipette
E	437	2016-07-11	5.907777777777778	66660	161.6	43.5	2.0312206131277035	719.8984389693436	0.5078051532819259	11.105058802117625	119.16494263682529	non_mating	pipette
E	439	2016-07-11	5.994722222222222	63660	102.9	22.8	2.0017608081182523	709.4573930772439	0.333626801353042	11.105058802117625	18.683100875770354	non_mating	pipette
E	440	2016-07-11	5.888333333333334	72210	90.7	16.8	2.0379281064251344	728.8989527313897	0.5094820266062836	11.105058802117625	177.63939994339088	non_mating	pipette
E	462	2016-07-21	4.2375	40455	76.3	17.7	0.2359882005899705	6.135693215339233	0.943952802359882	11.105058802117625	14.395280235988201	non_mating	pipette
E	466	2016-07-21	5.8741666666666665	64052	56.6	16	3.0642644346715846	422.69825507164137	0.8511845651865513	11.105058802117625	187.2606043410413	non_mating	pipette
E	467	2016-07-21	5.878055555555555	70260	58.4	12.5	3.0622371343509287	406.0866688719815	0.8506214262085914	11.105058802117625	554.2649213175181	non_mating	pipette
E	525	2016-08-01	5.400277777777778	43981	130.7	10.4	0.5555269790648629	5.925621110025204	0.3703513193765752	11.105058802117625	54.62681960804485	non_mating	pipette
E	554	2016-08-10	2.198888888888889	32970	209.1	33.3	0	64.1232945932289	0.45477513895907024	11.105058802117625	341.53612935826175	non_mating	pipette
E	603	2016-08-21	5.996944444444445	47820	128	47.6	0.5002547593681967	38.51961647135115	0.5002547593681967	11.105058802117625	125.39719301496132	non_mating	pipette
E	607	2016-08-21	5.97	55993	50.5	24.6	0.8375209380234506	40.7035175879397	0.5025125628140704	11.105058802117625	147.23618090452263	non_mating	pipette
E	609	2016-08-21	5.937222222222222	65123	77.5	25.6	0.33685786469542434	2.021147188172546	0.33685786469542434	11.105058802117625	45.64424066623	non_mating	pipette
E	610	2016-08-21	5.983888888888889	69908	117.1	17.7	0.5013462074087829	27.74115680995265	0.6684616098783771	11.105058802117625	44.28558165444248	non_mating	pipette
E	651	2016-08-31	4.275	40350	36.8	19.4	2.3391812865497075	318.59649122807014	0.7017543859649122	11.105058802117625	158.59649122807016	non_mating	pipette
E	652	2016-08-31	4.541666666666667	41310	224	22.9	2.201834862385321	299.8899082568807	0.6605504587155963	11.105058802117625	149.28440366972475	non_mating	pipette
E	653	2016-08-31	4.769166666666667	42129	233.3	41.7	2.0968023763760266	285.5844836624148	0.6290407129128079	11.105058802117625	142.16320111829458	non_mating	pipette
E	654	2016-08-31	5.656666666666666	45324	192	34.3	1.7678255745433118	240.77784325279907	0.5303476723629935	11.105058802117625	196.05185621685328	non_mating	pipette
E	658	2016-08-31	5.973888888888889	48750	261.3	40	0.5021854366223379	32.13986794382963	0.3347902910815586	11.105058802117625	73.15167860132055	non_mating	pipette
E	661	2016-08-31	5.904166666666667	64310	43.8	33	0.5081157374735357	5.419901199717714	0.3387438249823571	11.105058802117625	202.39943542695835	non_mating	pipette
E	710	2016-09-13	5.974444444444444	52710	82.6	17.6	0.33475915938255535	4.351869071973219	0.8368978984563884	11.105058802117625	145.11809559233774	non_mating	salivette
E	711	2016-09-13	5.989722222222222	54785	124.2	18.3	0.500857951119974	9.349348420906182	1.3356212029865975	11.105058802117625	345.25808097203543	non_mating	pipette
E	712	2016-09-13	5.853611111111111	66079	29.1	24	1.5375124566981444	126.07602144924785	1.3666777392872396	11.105058802117625	496.9581929483225	non_mating	pipette
E	736	2016-09-20	0.8791666666666667	29385	102.7	59.3	1.1374407582938388	71.65876777251185	2.2748815165876777	11.105058802117625	958.8625592417062	non_mating	pipette
E	739	2016-09-20	2.216111111111111	34198	81.5	23.6	0.9024818250188017	109.200300827275	0.9024818250188017	11.105058802117625	380.3960892454249	non_mating	pipette
E	743	2016-09-20	5.987777777777778	51915	233.9	28.4	0.3340137316756356	33.234366301725736	0.3340137316756356	11.105058802117625	294.9341250695862	non_mating	pipette
E	788	2016-09-28	2.8847222222222224	37685	139.5	28.2	0	0	1.3866153105440537	11.105058802117625	39.518536350505535	non_mating	pipette
E	793	2016-09-28	5.967222222222222	62063	137.3	54.8	0	0	0.8379108090494367	11.105058802117625	270.3100269993483	non_mating	pipette
E	794	2016-09-28	5.946944444444444	49485	164.2	34.6	0	0	1.1770750618898596	11.105058802117625	19.169508150777713	non_mating	pipette
E	796	2016-09-28	5.865833333333334	58650	52.7	23.5	0	0	0.8523938059383435	11.105058802117625	274.9822417957096	non_mating	pipette
E	807	2016-10-02	1.175	32730	359.6	48.5	0.851063829787234	0	0.851063829787234	11.105058802117625	0	non_mating	pipette
E	810	2016-10-02	5.975	51205	31.6	36.7	0.502092050209205	15.397489539748955	0.6694560669456068	11.105058802117625	459.58158995815904	non_mating	pipette
E	851	2016-10-13	5.995277777777778	49992	270.2	54	0.3335958856507436	0	0.6671917713014872	11.105058802117625	60.88124913126072	non_mating	pipette
E	896	2016-10-23	4.3125	45405	591.1	138.9	0.2318840579710145	0	0.463768115942029	11.105058802117625	748.0579710144928	non_mating	pipette
E	900	2016-10-23	5.933333333333334	59880	450.7	85.4	0.16853932584269662	0	0.6741573033707865	11.105058802117625	531.5730337078652	non_mating	pipette
E	901	2016-10-23	5.970555555555555	54136	149.3	211.1	0.16748860147017772	0	0.6699544058807109	11.105058802117625	542.6630687633758	non_mating	pipette
F	8	2016-04-07	2.2416666666666667	33360	362.3	20.4	4.014869888475836	0	0.44609665427509293	14.629858025633185	0	non_mating	salivette
F	46	2016-04-17	5.9319444444444445	66962	381.8	30.9	0.3371575743385624	0	0.6743151486771248	14.629858025633185	160.4870053851557	non_mating	salivette
F	49	2016-04-17	5.873888888888889	62420	289.4	9.4	0.1702449635864939	0	0.8512248179324695	14.629858025633185	162.0732053343422	non_mating	salivette
F	85	2016-04-28	4.95	42840	107.2	10.1	0.40404040404040403	0	0.8080808080808081	14.629858025633185	165.45454545454544	non_mating	salivette
F	86	2016-04-28	5.885277777777778	50686	104.6	17.6	0.1699155142304243	0	0.8495775711521216	14.629858025633185	409.4963892953226	non_mating	salivette
F	87	2016-04-28	5.854444444444445	54842	83.2	8.4	0	0	0.6832416018219776	14.629858025633185	415.06927310685137	non_mating	salivette
F	88	2016-04-28	5.883055555555556	71580	123.5	11.8	0.6799187874781623	0	1.0198781812172435	14.629858025633185	326.700977383257	non_mating	salivette
F	124	2016-05-09	5.014166666666667	42240	121	16	0.7977397374106697	7.977397374106697	0.39886986870533486	14.629858025633185	327.4721622070799	non_mating	salivette
F	161	2016-05-21	5.1175	46083	84.9	4.3	0.7816316560820714	15.828041035661945	1.172447484123107	14.629858025633185	661.8466047874939	non_mating	salivette
F	162	2016-05-21	5.996111111111111	62500	91.5	12	0	21.180394700268693	0.333549522838877	14.629858025633185	563.5319188362828	non_mating	salivette
F	165	2016-05-21	5.995	68220	71.2	8.1	0	21.184320266889074	0.3336113427856547	14.629858025633185	147.28940783986656	non_mating	salivette
F	215	2016-05-31	0.6397222222222222	27138	204.4	36.5	1.5631784628745116	614.329135909683	4.6895353886235345	14.629858025633185	282.9353017802866	non_mating	pipette
F	269	2016-06-10	1.55	30540	309.1	16.4	0.6451612903225806	1510.3225806451612	0	14.629858025633185	82.58064516129032	non_mating	pipette
F	342	2016-06-22	5.9463888888888885	47609	57.1	10.5	2.858877937123371	916.3544634932499	1.009015742514131	14.629858025633185	101.06974354183211	non_mating	pipette
F	488	2016-07-27	1.603611111111111	30793	193.2	26.6	0	453.97540273687855	0	14.629858025633185	3.117962930885155	non_mating	pipette
F	545	2016-08-07	3.946388888888889	39238	119.7	13.7	0.5067924262687408	5.574716688956149	0.7601886394031111	14.629858025633185	21.03188569015274	non_mating	pipette
F	546	2016-08-07	5.859166666666667	60486	69	7.9	1.8774000853363675	204.46593656663347	0.34134547006115773	14.629858025633185	289.1196131418006	non_mating	pipette
F	547	2016-08-07	5.3005555555555555	68580	103.5	9.1	2.641232575201761	250.53977570485276	0.37731893931453725	14.629858025633185	319.58914159941304	non_mating	pipette
F	583	2016-08-19	5.981944444444444	55935	91.5	9.3	0	0	0.3343394474111911	14.629858025633185	554.0004643603436	non_mating	pipette
F	585	2016-08-19	5.996388888888889	65400	132.9	7.6	0.3335340714318803	5.336545142910085	0.5003011071478204	14.629858025633185	830.6666049010978	non_mating	pipette
F	636	2016-08-28	2.575833333333333	34053	182.8	29.7	0.7764477515367195	993.4648980912326	0.7764477515367195	14.629858025633185	107.53801358783566	non_mating	pipette
F	640	2016-08-28	5.9991666666666665	52555	33.9	16.8	0.5000694540908459	214.02972635088207	0.8334490901514099	14.629858025633185	371.55160438949855	non_mating	pipette
F	685	2016-09-04	5.989722222222222	55711	144.3	37.1	0.16695265037332468	29.21671381533182	0.6678106014932987	14.629858025633185	438.9185178314706	non_mating	pipette
F	686	2016-09-04	5.985833333333333	62801	145.6	28	0	29.235695391897536	0.16706111652512878	14.629858025633185	375.2192677154393	non_mating	pipette
F	688	2016-09-04	5.94	68882	216.9	34.1	0.16835016835016833	54.377104377104374	0.16835016835016833	14.629858025633185	183.33333333333331	non_mating	pipette
F	727	2016-09-17	1.5325	31797	389	20.2	0	0	1.3050570962479608	14.629858025633185	0	non_mating	pipette
F	771	2016-09-25	5.9686111111111115	48770	116.3	20.1	0.33508633127007026	0	0.33508633127007026	14.629858025633185	274.60324847582257	non_mating	pipette
F	825	2016-10-07	5.786666666666667	65005	185.2	29.9	0.1728110599078341	0	0.1728110599078341	14.629858025633185	544.7004608294931	non_mating	pipette
G	5	2016-04-05	2.7619444444444445	36643	214.3	79.3	0.3620637634516745	9.413657849743538	0	7.323343974927186	10.137785376646887	non_mating	pipette
G	6	2016-04-05	5.906944444444444	60016	67.2	9.6	1.0157535857042088	8.295320949917706	1.5236303785563132	7.323343974927186	672.5981660004703	non_mating	pipette
G	33	2016-04-14	2.3738888888888887	33686	464.4	61	0.42124970746548096	1350.9478118417974	0.42124970746548096	7.323343974927186	559.8408612216242	non_mating	pipette
G	34	2016-04-14	2.8075	35247	242.7	40	0.7123775601068566	1151.9145146927872	0.3561887800534283	7.323343974927186	473.3748886910062	non_mating	pipette
G	80	2016-04-27	0.8975	29751	767.2	38.5	1.1142061281337048	14.484679665738161	0	7.323343974927186	0	non_mating	pipette
G	81	2016-04-27	2.9480555555555554	37133	318.4	22.6	1.0176199001224913	30.52859700367474	0	7.323343974927186	339.8850466409121	non_mating	pipette
G	84	2016-04-27	5.865833333333334	71452	130.2	48.8	0.6819150447506748	88.64895581758772	0.1704787611876687	7.323343974927186	521.8354879954538	non_mating	pipette
G	119	2016-05-07	3.0094444444444446	36274	192.2	29.9	0	0	0	7.323343974927186	70.44489569872623	non_mating	pipette
G	121	2016-05-07	5.8886111111111115	63945	109.2	25.3	0.3396386622010472	0	0.1698193311005236	7.323343974927186	53.66290862776546	non_mating	pipette
G	123	2016-05-07	5.790555555555556	69633	230	37.5	0.172695001439125	0	0.172695001439125	7.323343974927186	86.17480571812338	non_mating	pipette
G	153	2016-05-19	1.4072222222222222	29503	410.1	24.4	1.4212396367943152	12.791156731148837	2.1318594551914725	7.323343974927186	69.64074220292144	non_mating	pipette
G	155	2016-05-19	5.755833333333333	54171	156	11.3	0	0	0.347473577530042	7.323343974927186	0	non_mating	pipette
G	156	2016-05-19	5.929166666666666	61650	181.9	38	0	0	0.33731553056922	7.323343974927186	25.13000702740689	non_mating	pipette
G	158	2016-05-19	5.947222222222222	68040	71	23.1	0	0	0.16814572629612332	7.323343974927186	398.33722559551614	non_mating	pipette
G	210	2016-05-30	2.173888888888889	33986	77	66.7	1.8400204446716073	569.9463327370304	0.4600051111679018	7.323343974927186	25.3002811142346	non_mating	pipette
G	211	2016-05-30	5.9944444444444445	57600	97.6	11.1	0	0	0.3336422613531047	7.323343974927186	0	non_mating	pipette
G	212	2016-05-30	5.663055555555555	63845	206.9	11.7	0	0	0.17658311669200963	7.323343974927186	430.68622161181145	non_mating	pipette
G	259	2016-06-09	1.5	30300	508.4	35.5	0	0	0	7.323343974927186	0	non_mating	pipette
G	265	2016-06-09	5.266666666666667	44280	162	16.4	0.569620253164557	0	1.3291139240506329	7.323343974927186	125.31645569620254	non_mating	salivette
G	267	2016-06-09	5.9686111111111115	66740	174.4	18	0.5026294969051054	0	0.16754316563503513	7.323343974927186	524.577651603295	non_mating	salivette
G	323	2016-06-17	3.732222222222222	39354	128.8	14	4.019053289669545	730.9318249479012	0.8038106579339089	7.323343974927186	4.5549270616254836	non_mating	salivette
G	324	2016-06-17	5.9494444444444445	48780	100	12.9	2.5212438136147166	457.3536277897096	0.8404146045382388	7.323343974927186	127.23877112708936	non_mating	salivette
G	375	2016-06-29	2.531111111111111	34776	150	15.1	0.39508340649692714	0	0.39508340649692714	7.323343974927186	346.4881474978051	non_mating	pipette
G	377	2016-06-29	5.7572222222222225	46390	134.2	8.8	0.17369487600115796	0	1.5632538840104215	7.323343974927186	190.8906687252726	non_mating	pipette
G	380	2016-06-29	5.800277777777778	54480	85.9	30.4	0	0	1.5516498251999427	7.323343974927186	43.10138403333174	non_mating	pipette
G	381	2016-06-29	5.990277777777778	64284	64.8	26.9	0	0	0.8346858335265476	7.323343974927186	239.05402272200322	non_mating	pipette
G	382	2016-06-29	5.708611111111111	70140	50.7	48.3	0.7006958298866236	9.284219745997762	0.5255218724149676	7.323343974927186	440.56250304121454	non_mating	pipette
G	453	2016-07-18	1.3805555555555555	29990	78.8	15.6	0.7243460764587525	36.21730382293762	0	7.323343974927186	0	non_mating	pipette
G	455	2016-07-18	5.516388888888889	47368	85.9	25.2	0.9063900498514528	56.55873911073065	1.0876680598217434	7.323343974927186	82.66277254645249	non_mating	pipette
G	457	2016-07-18	5.988333333333333	56790	78.8	31.1	0.5009741163373226	17.53409407180629	1.0019482326746452	7.323343974927186	627.2195936543278	non_mating	pipette
G	489	2016-07-27	2.473888888888889	34846	116.7	27.8	0	161.28452728497643	0	7.323343974927186	220.3009207275994	non_mating	pipette
G	490	2016-07-27	5.685833333333333	47629	166.8	23.4	0.3517514289901803	131.9067858713176	1.231130001465631	7.323343974927186	95.85226439982412	non_mating	pipette
G	491	2016-07-27	5.638055555555556	51720	233.3	20	1.951027245405725	107.83859683697098	1.2415627925309158	7.323343974927186	16.140316302901905	non_mating	pipette
G	492	2016-07-27	5.641944444444444	69808	112	45.3	1.9496824380877358	127.79282162375068	0.5317315740239279	7.323343974927186	180.61149131012752	non_mating	pipette
G	529	2016-08-03	1.3038888888888889	29414	348.8	29.8	0.7669365146996165	0	0	7.323343974927186	714.017895185343	non_mating	pipette
G	530	2016-08-03	5.369722222222222	44090	117.6	28.1	0.931146862552377	20.485230976152295	1.489834980083803	7.323343974927186	373.76235062852413	non_mating	pipette
G	531	2016-08-03	5.986111111111111	47469	121.7	17.4	0.8352668213457077	18.37587006960557	1.3364269141531324	7.323343974927186	179.7494199535963	non_mating	pipette
G	533	2016-08-03	5.726111111111111	49433	125.1	25.5	0.6985543805180945	19.2102454642476	1.397108761036189	7.323343974927186	187.91112835936744	non_mating	pipette
G	536	2016-08-03	5.6175	70623	64.9	8.2	2.136181575433912	77.79261237205162	0.534045393858478	7.323343974927186	371.87360925678684	non_mating	pipette
G	575	2016-08-19	3.174166666666667	37298	420	30	0.31504331845628775	0	0.6300866369125755	7.323343974927186	268.73195064321345	non_mating	pipette
G	576	2016-08-19	3.5658333333333334	38746	137.1	31.6	0.2804393549894835	0	0.560878709978967	7.323343974927186	327.27272727272725	non_mating	pipette
G	577	2016-08-19	4.5697222222222225	42360	134.8	20.4	0.2188316819646222	0	0.6564950458938666	7.323343974927186	255.3765728527141	non_mating	pipette
G	579	2016-08-19	5.441388888888889	45705	203	18.8	0.18377660932155804	0	0.5513298279646741	7.323343974927186	353.4024197253561	non_mating	pipette
G	581	2016-08-19	5.541944444444445	48180	65.1	32.4	0	0	0.5413262493108114	7.323343974927186	346.9901258082301	non_mating	pipette
G	587	2016-08-19	5.748611111111111	64614	141.5	18.7	0.6958202464363373	59.31867600869776	0	7.323343974927186	195.5254892486108	non_mating	pipette
G	632	2016-08-25	4.223611111111111	55801	159.8	22.5	0.4735284445905952	25.33377178559684	0	7.323343974927186	451.98290036172307	non_mating	pipette
G	669	2016-09-01	5.177777777777778	43300	150.6	24.1	0.5793991416309012	3.669527896995708	0.7725321888412017	7.323343974927186	373.7124463519313	non_mating	pipette
G	674	2016-09-01	5.792777777777777	53040	155.1	61.5	0.345257504555481	21.23333653016208	0.690515009110962	7.323343974927186	334.03663565742784	non_mating	pipette
G	675	2016-09-01	5.632777777777778	64011	126	27.5	0.8876615050793963	36.74918631028701	0.17753230101587927	7.323343974927186	308.3736068645823	non_mating	pipette
G	677	2016-09-01	5.823611111111111	65287	76.1	23.1	0.8585738134986883	35.5449558788457	0.17171476269973765	7.323343974927186	233.70379203434297	non_mating	pipette
G	728	2016-09-17	5.194444444444445	45640	144.1	41.8	0.7700534759358288	2.695187165775401	0.5775401069518716	7.323343974927186	442.01069518716577	non_mating	pipette
G	729	2016-09-17	4.341666666666667	42390	114.9	18.5	0.9213051823416506	3.224568138195777	0.690978886756238	7.323343974927186	12.437619961612283	non_mating	pipette
G	758	2016-09-23	1.8913888888888888	33509	390.4	35.2	0	0	0	7.323343974927186	700.5433984432369	non_mating	pipette
G	759	2016-09-23	3.7069444444444444	40045	232.8	24.2	0	58.53877856875234	0.2697639565380292	7.323343974927186	381.9857624578494	non_mating	pipette
G	761	2016-09-23	4.042222222222223	41252	240	71.4	0	65.80538757559098	0.24738867509620668	7.323343974927186	350.3023639362287	non_mating	pipette
G	764	2016-09-23	5.994722222222222	51331	154.2	12.3	0.333626801353042	52.87984801445716	0.166813400676521	7.323343974927186	481.9239145544692	non_mating	pipette
G	767	2016-09-23	5.9991666666666665	62149	56.4	31.8	1.1668287262119739	30.504236699541604	0	7.323343974927186	270.37088484511736	non_mating	pipette
G	803	2016-09-30	3.308333333333333	39390	239.4	23.4	0	3.6272040302267006	0.3022670025188917	7.323343974927186	197.0780856423174	non_mating	pipette
G	804	2016-09-30	4.0152777777777775	41935	123.6	36.4	0	2.9885852646143207	0.24904877205119338	7.323343974927186	162.37979937737808	non_mating	pipette
G	842	2016-10-12	2.5230555555555556	39743	79.7	33.5	0	130.7937905978201	0.7926896399867885	7.323343974927186	94.33006715842782	non_mating	pipette
G	845	2016-10-12	5.283333333333333	49680	346.8	44.7	0	62.46056782334385	0.9463722397476341	7.323343974927186	415.83596214511044	non_mating	pipette
G	868	2016-10-17	2.6358333333333333	39129	377.3	39.9	0	7.967119822952893	0.37938665823585205	7.323343974927186	588.8080935820424	non_mating	pipette
G	869	2016-10-17	5.052777777777778	47830	383.2	61.4	0	4.156129741616272	0.593732820230896	7.323343974927186	480.13194062671795	non_mating	pipette
G	870	2016-10-17	5.895833333333333	57492	452.8	64.7	0	68.01413427561837	0.3392226148409894	7.323343974927186	536.1413427561838	non_mating	pipette
G	910	2016-10-26	3.4780555555555557	44781	30.2	46.1	0	0	0	7.323343974927186	464.0523919814711	non_mating	pipette
G	912	2016-10-26	2.5305555555555554	41090	152.2	48.5	0	0	0	7.323343974927186	44.654226125137214	non_mating	pipette
G	914	2016-10-26	5.918333333333333	57978	329	74.3	0	0	0	7.323343974927186	282.8499014362152	non_mating	pipette
H	16	2016-04-08	1.05	32040	462	30	0	0	0.9523809523809523	10.290280375334182	0	non_mating	pipette
H	18	2016-04-08	1.5333333333333334	33780	152.7	7	0	0	0.6521739130434783	10.290280375334182	0	non_mating	pipette
H	61	2016-04-20	3.673888888888889	38306	261.6	13.1	0	0	1.6331468319975804	10.290280375334182	157.32647814910024	non_mating	pipette
H	63	2016-04-20	5.988888888888889	48169	173.9	15.8	0.5009276437847866	38.070500927643785	1.1688311688311688	10.290280375334182	205.3803339517625	non_mating	pipette
H	64	2016-04-20	5.995	53460	95.1	17	0.5004170141784821	38.03169307756464	0.8340283569641368	10.290280375334182	205.17097581317765	non_mating	pipette
H	66	2016-04-20	5.595	62480	145.1	14.1	0.5361930294906166	40.75067024128686	0.8936550491510278	10.290280375334182	352.8150134048258	non_mating	pipette
H	105	2016-05-03	1.9875	32415	284.6	16.4	0	0	0	10.290280375334182	0	non_mating	pipette
H	108	2016-05-03	5.383333333333334	44640	174.3	10.6	0.18575851393188852	0	0.5572755417956656	10.290280375334182	0	non_mating	pipette
H	110	2016-05-03	5.757777777777778	50760	208.9	13	0.17367811655731377	0	0.8683905827865689	10.290280375334182	13.199536858355847	non_mating	pipette
H	137	2016-05-15	5.6177777777777775	47938	285.5	13.8	0	0	2.136075949367089	10.290280375334182	194.91693037974684	non_mating	pipette
H	138	2016-05-15	5.956388888888889	56780	104.4	21.8	0.33577391223243014	1.5109826050459356	1.8467565172783658	10.290280375334182	183.8362169472555	non_mating	pipette
H	139	2016-05-15	5.875277777777778	66180	117.8	17.4	0.34040943690605646	1.531842466077254	0	10.290280375334182	314.53831970119614	non_mating	pipette
H	172	2016-05-24	2.1033333333333335	34460	378.1	26.9	0	0	0	10.290280375334182	0	non_mating	pipette
H	174	2016-05-24	4.723611111111111	43893	129.2	11.9	0	0	0.4234048809173772	10.290280375334182	0	non_mating	pipette
H	227	2016-06-03	5.7	47280	161.1	24.7	0	0	1.0526315789473684	10.290280375334182	14.912280701754385	non_mating	pipette
H	308	2016-06-16	2.8225	38661	196.2	22.8	2.4800708591674048	167.5819309123118	2.4800708591674048	10.290280375334182	0	non_mating	pipette
H	310	2016-06-16	4.372222222222222	44240	215.4	26.9	1.829733163913596	108.18297331639137	2.7445997458703943	10.290280375334182	166.96315120711566	non_mating	pipette
H	312	2016-06-16	3.2119444444444443	40063	124.4	13.3	2.1793652166392805	147.2628210671971	2.4907031047306063	10.290280375334182	0	non_mating	salivette
H	313	2016-06-16	3.8144444444444443	42232	145.1	36.4	2.097290999126129	124.00233032333237	3.1459364986891933	10.290280375334182	191.37780367025925	non_mating	salivette
H	315	2016-06-16	6	55920	432.7	20.5	0.16666666666666666	0	1.8333333333333333	10.290280375334182	121.66666666666667	non_mating	pipette
H	318	2016-06-16	5.905	50820	112.9	18.6	1.3547840812870449	80.10160880609652	2.032176121930567	10.290280375334182	123.62404741744284	non_mating	salivette
H	358	2016-06-26	5.509444444444444	47685	184.7	7.9	2.3595845517797724	168.25652919229606	1.9965715438136535	10.290280375334182	0	non_mating	pipette
H	415	2016-07-07	5.680833333333333	45741	132.9	16.9	1.2322135836878392	17.955112219451372	0.880152559777028	10.290280375334182	39.07877365410005	non_mating	pipette
H	418	2016-07-07	5.9430555555555555	55670	75.1	22	0.1682636129936901	17.16288852535639	1.0095816779621407	10.290280375334182	207.6372984342136	non_mating	pipette
H	420	2016-07-07	5.918611111111111	61236	69.5	14.9	0	0	0.3379171164406064	10.290280375334182	283.51246069366874	non_mating	pipette
H	508	2016-07-31	4.883333333333334	42480	210	91.7	0.614334470989761	9.215017064846416	0.614334470989761	10.290280375334182	112.42320819112626	non_mating	pipette
H	512	2016-07-31	5.491666666666666	44670	157.5	25	0.5462822458270107	8.19423368740516	0.5462822458270107	10.290280375334182	99.96965098634296	non_mating	pipette
H	518	2016-07-31	5.953611111111111	50040	216	37.1	0.6718611486959362	7.558437922829282	0.6718611486959362	10.290280375334182	92.21294265851724	non_mating	pipette
H	519	2016-07-31	4.8575	61531	244.6	28.7	0.2058672156459084	0	0.2058672156459084	10.290280375334182	0	non_mating	pipette
H	522	2016-07-31	4.703888888888889	64178	221.7	14.6	0.21259005550962562	0	0.42518011101925124	10.290280375334182	0	non_mating	pipette
H	550	2016-08-08	2.0408333333333335	32787	483.2	32.3	0.9799918334013883	14.699877501020824	0	10.290280375334182	0	non_mating	pipette
H	552	2016-08-08	5.995555555555556	55438	188.6	31.6	0.3335804299481097	8.839881393624907	0.3335804299481097	10.290280375334182	187.63899184581172	non_mating	pipette
H	601	2016-08-21	3.827777777777778	38860	189.2	35.1	0	8.882438316400581	0.5224963715529753	10.290280375334182	11.494920174165456	non_mating	pipette
H	605	2016-08-21	5.865555555555556	52462	142.2	28	0.3409736692555408	13.297973100966091	0.6819473385110816	10.290280375334182	113.37374502746732	non_mating	pipette
H	606	2016-08-21	5.8741666666666665	55407	100.1	38.3	0.5107107391119308	10.895162434387856	0.680947652149241	10.290280375334182	135.67881969073628	non_mating	pipette
H	643	2016-08-29	3.5252777777777777	39589	329.4	33.3	0.2836655897880388	0	1.7019935387282326	10.290280375334182	34.89086754392877	non_mating	pipette
H	699	2016-09-08	2.2830555555555554	34130	385.1	30	0	0	1.7520379608224845	10.290280375334182	0	non_mating	pipette
H	703	2016-09-08	5.594166666666666	46050	124.6	107.2	0.893788172203188	337.85192909280505	1.251303441084463	10.290280375334182	26.992402800536276	non_mating	salivette
H	704	2016-09-08	5.905277777777778	57283	131	3.9	0.8467002210828355	276.8709722940872	0.5080201326497013	10.290280375334182	170.52542452608307	non_mating	pipette
H	705	2016-09-08	5.894166666666667	64755	131.9	36.6	0.3393185352749894	270.7761911494415	0.3393185352749894	10.290280375334182	145.22833309769544	non_mating	pipette
H	741	2016-09-20	4.873611111111111	43765	257.8	26.3	0.8207466514676547	22.98090624109433	0.41037332573382734	10.290280375334182	72.43089199202052	non_mating	pipette
H	749	2016-09-20	5.988611111111111	60000	175.8	31.4	0	18.20121526972494	0.3339672526555035	10.290280375334182	309.7546268379795	non_mating	pipette
H	799	2016-09-29	2.908333333333333	38670	386.7	43	0	0	1.7191977077363898	10.290280375334182	21.66189111747851	non_mating	pipette
H	827	2016-10-09	4.930555555555555	45912	490.7	47	0	0	0.8112676056338028	10.290280375334182	439.0985915492958	non_mating	pipette
H	872	2016-10-19	4.865833333333334	47412	361.7	62.1	0	0	1.0275732145915395	10.290280375334182	368.0767254666895	non_mating	pipette
H	873	2016-10-19	5.503333333333333	49707	630	35.7	0	0	0.9085402786190189	10.290280375334182	343.6099333737129	non_mating	pipette
H	877	2016-10-19	5.9686111111111115	52016	716.8	90	0	0	0.6701726625401405	10.290280375334182	561.2696048773677	non_mating	pipette
I	15	2016-04-08	1.6422222222222222	31996	289.7	11.2	0	17.050067658998646	1.2178619756427604	4.375366067152994	769.6887686062246	non_mating	pipette
I	17	2016-04-08	2.9183333333333334	36590	273	11.7	0	9.594517418617933	1.0279840091376355	4.375366067152994	503.71216447744143	non_mating	pipette
I	19	2016-04-08	5.8825	51000	204.6	9.6	0	0	0.8499787505312367	4.375366067152994	516.2770930726732	non_mating	pipette
I	20	2016-04-08	5.9275	55020	243.5	8.7	0	0	0.5061155630535639	4.375366067152994	795.9510754955714	non_mating	pipette
I	21	2016-04-08	5.7575	62640	106.4	50	0	0	0.34737299174989145	4.375366067152994	971.9496309161963	non_mating	pipette
I	50	2016-04-19	1.2	29040	588.9	18.6	2.5	44.16666666666667	1.6666666666666667	4.375366067152994	70	non_mating	pipette
I	52	2016-04-19	3.1347222222222224	36090	290	12.5	1.2760301284891449	16.90739920248117	0.9570225963668586	4.375366067152994	335.2769162605228	non_mating	pipette
I	53	2016-04-19	4.768055555555556	41970	345.6	14.1	0.8389163996504515	11.115642295368483	0.6291872997378386	4.375366067152994	220.42528400815613	non_mating	pipette
I	54	2016-04-19	5.526388888888889	44700	248.9	22.2	0.7237999497361146	9.59034933400352	0.5428499623020859	4.375366067152994	219.49233475747675	non_mating	pipette
I	56	2016-04-19	5.898611111111111	51018	205.5	21.6	0.16953143395337886	0	0.5085943018601365	4.375366067152994	324.6526960207205	non_mating	pipette
I	57	2016-04-19	5.898888888888889	55000	183.4	20.7	0	0	0.5085703522320587	4.375366067152994	164.607270672443	non_mating	pipette
I	58	2016-04-19	5.966388888888889	66040	43.2	10.9	0.3352111364588668	0	1.0056334093766004	4.375366067152994	332.194236230737	non_mating	pipette
I	59	2016-04-19	5.882777777777778	70860	102.6	13.4	0.33997544621777315	0	0.6799508924355463	4.375366067152994	358.6740957597507	non_mating	pipette
I	94	2016-05-01	2.8305555555555557	35390	293.3	33.3	0	0	0	4.375366067152994	0	non_mating	pipette
I	95	2016-05-01	4.3	41640	580	28.6	0.23255813953488372	0	0.6976744186046512	4.375366067152994	0	non_mating	pipette
I	96	2016-05-01	5.186388888888889	44831	504.3	20.3	0.19281238283969793	0	0.5784371485190938	4.375366067152994	0	non_mating	pipette
I	98	2016-05-01	5.700833333333334	54681	486	20.8	0.526238853968718	0	0.87706475661453	4.375366067152994	220.66949276421573	non_mating	pipette
I	126	2016-05-10	2.230277777777778	32424	306.4	14.4	0	0	0	4.375366067152994	210.73608170382363	non_mating	pipette
I	127	2016-05-10	4.430555555555555	40345	111.6	3.3	0	0	0.677115987460815	4.375366067152994	139.93730407523512	non_mating	pipette
I	129	2016-05-10	5.315277777777778	43530	142.4	16.9	0	0	1.128821531225503	4.375366067152994	122.28899921609614	non_mating	pipette
I	130	2016-05-10	5.855555555555555	46712	179.2	8	0.17077798861480076	4.269449715370019	1.537001897533207	4.375366067152994	111.0056925996205	non_mating	pipette
I	133	2016-05-10	5.963611111111111	70108	77.5	13.1	0.3353672737435372	310.3824118496437	1.0061018212306116	4.375366067152994	450.5659322744422	non_mating	pipette
I	167	2016-05-22	5.996666666666667	50520	193.8	18.3	0.500277932184547	0	0.8337965536409115	4.375366067152994	30.183435241801	non_mating	pipette
I	169	2016-05-22	5.988611111111111	54000	195.3	14	0.16698362632775174	0	0.667934505311007	4.375366067152994	30.224036365323066	non_mating	pipette
I	171	2016-05-22	5.9063888888888885	56452	292.2	21.7	0.16930818793208863	0	0.6772327517283545	4.375366067152994	0	non_mating	pipette
I	231	2016-06-05	2.9725	35601	309.7	14	2.0185029436501263	338.77207737594614	0.33641715727502103	4.375366067152994	0	non_mating	pipette
I	232	2016-06-05	3.4530555555555558	37331	437.1	19.5	1.7375915051081972	291.6257742739924	0.2895985841846995	4.375366067152994	0	non_mating	pipette
I	233	2016-06-05	3.7225	38301	343.2	35.5	1.6118200134318335	270.5171255876427	0.2686366689053056	4.375366067152994	0	non_mating	pipette
I	238	2016-06-05	5.9622222222222225	64760	96.7	18.2	0.5031680954155795	0	0.3354453969437197	4.375366067152994	60.883339545285125	non_mating	salivette
I	240	2016-06-05	5.977777777777778	69483	290.4	55.6	0.5018587360594795	0	0.16728624535315986	4.375366067152994	60.72490706319702	non_mating	pipette
I	278	2016-06-13	1.9388888888888889	31580	642.5	28.2	0	0	0	4.375366067152994	0	non_mating	pipette
I	279	2016-06-13	2.783888888888889	34622	547.8	20.3	0	0	0	4.375366067152994	35.2025543803632	non_mating	pipette
I	281	2016-06-13	3.6166666666666667	37620	236.9	26.9	0	0	0	4.375366067152994	61.65898617511521	non_mating	salivette
I	284	2016-06-13	5.800277777777778	49080	276.7	35.3	0	0	2.7584885781332313	4.375366067152994	38.44643455773191	non_mating	pipette
I	346	2016-06-23	2.272222222222222	33960	199.3	22	3.52078239608802	137.31051344743275	0.4400977995110025	4.375366067152994	183.96088019559903	non_mating	salivette
I	347	2016-06-23	5.999722222222222	62780	272.9	11.7	0.3333487661465809	117.33876568359646	1.6667438307329043	4.375366067152994	298.34714570118985	non_mating	pipette
I	348	2016-06-23	5.825833333333334	69525	206.2	17.2	0.6865970533543126	135.77456730081533	0.8582463166928909	4.375366067152994	133.71477614075238	non_mating	pipette
I	349	2016-06-23	5.873055555555555	54420	131.3	11.5	0.8513455990162229	55.167194816251246	3.0648441564584026	4.375366067152994	351.4354632738968	non_mating	salivette
I	403	2016-07-06	0.6833333333333333	27480	465.2	29.1	1.4634146341463414	1925.8536585365853	4.390243902439025	4.375366067152994	223.90243902439025	non_mating	pipette
I	407	2016-07-06	5.978611111111111	62282	153.3	29.1	0.167262928030479	0	1.1708404962133532	4.375366067152994	455.1224271709334	non_mating	pipette
I	408	2016-07-06	5.6802777777777775	68186	110.9	12.3	0.17604772849528094	0	1.2323340994669667	4.375366067152994	170.76629664042252	non_mating	pipette
I	461	2016-07-21	1.6027777777777779	30610	183.7	18.7	6.239168110918544	466.6897746967071	0.6239168110918544	4.375366067152994	278.89081455805893	non_mating	pipette
I	463	2016-07-21	5.581944444444445	45552	285.8	37.5	1.9706394625528738	138.84050758895248	1.2540432943518287	4.375366067152994	97.9945260014929	non_mating	pipette
I	464	2016-07-21	5.997777777777777	63885	280.8	9.5	0.16672841793256762	0	0	4.375366067152994	227.91774731381994	non_mating	pipette
I	465	2016-07-21	5.709722222222222	67776	285.2	11.8	0.1751398686450985	0	0	4.375366067152994	239.41620043784968	non_mating	pipette
I	496	2016-07-28	2.968888888888889	36188	180	17.4	2.3577844311377247	81.84880239520957	2.020958083832335	4.375366067152994	391.0553892215569	non_mating	pipette
I	498	2016-07-28	3.2569444444444446	37419	537.6	16	2.1492537313432836	74.60980810234541	1.8422174840085286	4.375366067152994	356.4690831556503	non_mating	pipette
I	500	2016-07-28	5.913611111111111	52164	180.6	12.9	1.1837098971299733	41.09164357179764	1.3528113110056836	4.375366067152994	0	non_mating	pipette
I	538	2016-08-04	5.975	47010	259.9	27.1	0.6694560669456068	1.8410041841004186	0.8368200836820084	4.375366067152994	138.0753138075314	non_mating	pipette
I	539	2016-08-04	5.892222222222222	49661	348.2	22.7	0.6788610220629833	1.8668678106732037	0.6788610220629833	4.375366067152994	140.01508580049028	non_mating	pipette
I	541	2016-08-04	5.980833333333333	58620	273.4	64.4	0.33440156054061587	0	0.6688031210812317	4.375366067152994	206.8273651943709	non_mating	pipette
I	543	2016-08-04	5.978055555555556	63323	280	20.6	0.334556944379908	79.959109706798	1.170949305329678	4.375366067152994	340.91352632312623	non_mating	pipette
I	590	2016-08-20	1.9444444444444444	31900	298	24.9	0.5142857142857143	40.628571428571426	0	4.375366067152994	0	non_mating	pipette
I	592	2016-08-20	4.888888888888889	42500	291.7	18.8	0.20454545454545453	16.159090909090907	0.20454545454545453	4.375366067152994	0	non_mating	pipette
I	597	2016-08-20	5.161666666666667	51355	206.3	22.4	0	0	0.19373587342589602	4.375366067152994	0	non_mating	pipette
I	598	2016-08-20	4.585	54000	222.7	24.7	0	0	0.21810250817884405	4.375366067152994	0	non_mating	pipette
I	644	2016-08-29	2.202777777777778	34630	230.8	27.9	0	0	1.3619167717528373	4.375366067152994	0	non_mating	pipette
I	646	2016-08-29	5.940277777777778	53080	218.9	63.9	0.16834229600187045	0	0.6733691840074818	4.375366067152994	37.37198971241524	non_mating	pipette
I	649	2016-08-29	5.8341666666666665	55200	120	48	0.17140408513069563	0	0.6856163405227825	4.375366067152994	38.05170689901443	non_mating	pipette
I	689	2016-09-05	2.6686111111111113	35827	202.3	33.5	0	0	1.87363380868117	4.375366067152994	0	non_mating	salivette
I	690	2016-09-05	3.629166666666667	39285	300.9	46.3	0	0	1.9288174512055107	4.375366067152994	0	non_mating	pipette
I	691	2016-09-05	5.996111111111111	56529	316.7	38.7	0	0	0.8338738070971926	4.375366067152994	272.3431853979431	non_mating	pipette
I	692	2016-09-05	5.983611111111111	61153	129.5	37.5	0.16712316048465717	62.00269253980781	1.002738962907943	4.375366067152994	272.91212107144514	non_mating	pipette
I	730	2016-09-19	2.3669444444444445	34561	361.7	36.6	0.42248562375308063	190.54101631263936	2.5349137425184836	4.375366067152994	0	non_mating	pipette
I	731	2016-09-19	3.8833333333333333	40090	334	52.6	0.2575107296137339	116.13733905579399	3.347639484978541	4.375366067152994	90.3862660944206	non_mating	pipette
I	734	2016-09-19	5.9375	55029	249.8	38.5	0	22.568421052631578	2.357894736842105	4.375366067152994	540.1263157894737	non_mating	pipette
I	775	2016-09-26	1.4827777777777778	32338	348.2	65.8	3.372049456725365	112.6264518546272	1.3488197826901462	4.375366067152994	143.64930685650057	non_mating	pipette
I	778	2016-09-26	2.3508333333333336	35463	389.4	72.8	2.126905352711804	71.03863878057426	0.8507621410847217	4.375366067152994	90.60616802552286	non_mating	pipette
I	780	2016-09-26	3.0791666666666666	38085	534.7	43.2	1.6238159675236807	54.23545331529093	1.6238159675236807	4.375366067152994	519.9458728010826	non_mating	pipette
I	782	2016-09-26	5.998611111111111	55475	515.9	42.4	0	0	0.8335262792313036	4.375366067152994	264.56124102801573	non_mating	pipette
I	811	2016-10-03	3.951388888888889	42065	478	61	0	106.79789103690686	0.2530755711775044	4.375366067152994	414.53778558875223	non_mating	pipette
I	812	2016-10-03	4.503333333333333	44052	330.3	115.4	0	93.70836417468543	0.2220577350111029	4.375366067152994	363.73056994818654	non_mating	pipette
I	813	2016-10-03	4.844444444444444	45280	341.5	109.8	0	87.11009174311927	0.20642201834862386	4.375366067152994	338.1192660550459	non_mating	pipette
I	814	2016-10-03	1.7494444444444444	34138	220.6	36.4	0	241.21943474118768	0	4.375366067152994	392.6960939980946	non_mating	pipette
I	816	2016-10-03	5.8925	60750	413.9	32.6	0	76.53797199830292	0.5091217649554518	4.375366067152994	29.019940602460753	non_mating	pipette
I	817	2016-10-03	5.766666666666667	57523	481.9	40.9	0	14.913294797687861	0.3468208092485549	4.375366067152994	194.5664739884393	non_mating	pipette
I	818	2016-10-03	5.72	64260	431.6	59.6	0	78.84615384615385	0.3496503496503497	4.375366067152994	29.895104895104897	non_mating	pipette
I	841	2016-10-12	1.8916666666666666	34830	393.4	51.3	0	0	1.5859030837004406	4.375366067152994	12.158590308370044	non_mating	pipette
I	843	2016-10-12	4.115277777777778	42835	256.7	52.1	0	0	0.9719878501518731	4.375366067152994	479.9190010124873	non_mating	pipette
I	844	2016-10-12	5.9525	49449	122.3	35.2	0	0	0.8399832003359933	4.375366067152994	331.7933641327174	non_mating	pipette
I	847	2016-10-12	5.961111111111111	59555	674.5	76.6	0	0	0.5032618825722274	4.375366067152994	155.67567567567568	non_mating	pipette
I	891	2016-10-21	5.269444444444445	49090	624	61.3	0	0	0.1897733263046916	4.375366067152994	384.2909857670005	non_mating	pipette
J	7	2016-04-07	1.2333333333333334	30060	443.1	13.9	0	0	0	10.928176694481042	0	non_mating	pipette
J	9	2016-04-07	2.9344444444444444	36184	204.2	20.8	0	0	0.34078000757288907	10.928176694481042	128.81484286255207	non_mating	pipette
J	10	2016-04-07	5.254166666666666	44535	331.3	16.4	0	99.92069785884219	1.3322759714512293	10.928176694481042	71.94290245836638	non_mating	pipette
J	11	2016-04-07	5.9944444444444445	48240	242.2	16.2	0	87.58109360518999	1.1677479147358665	10.928176694481042	63.058387395736794	non_mating	pipette
J	12	2016-04-07	5.9430555555555555	56955	134.1	33.8	0	88.33839682168731	1.3461089039495209	10.928176694481042	0	non_mating	pipette
J	13	2016-04-07	5.955	58112	176.6	46.2	0	88.16120906801008	1.343408900083963	10.928176694481042	0	non_mating	pipette
J	14	2016-04-07	4.954166666666667	67500	186.7	12.7	0	0	0.6055508830950379	10.928176694481042	241.81665264928512	non_mating	pipette
J	44	2016-04-17	1.2861111111111112	30310	999.5	25.3	0	0	0.7775377969762418	10.928176694481042	0	non_mating	pipette
J	47	2016-04-17	3.9725	39981	153.8	24.7	0	0	0.7551919446192573	10.928176694481042	0	non_mating	pipette
J	48	2016-04-17	5.961944444444445	48360	214.9	16.3	0	0	1.3418441038065507	10.928176694481042	136.02944602338908	non_mating	pipette
J	132	2016-05-10	5.973888888888889	64175	157.7	13.9	0	0	0.1673951455407793	10.928176694481042	273.02148237701107	non_mating	pipette
J	159	2016-05-21	3.9833333333333334	39240	180.9	11.5	0.2510460251046025	4.2677824267782425	0.2510460251046025	10.928176694481042	114.22594142259415	non_mating	pipette
J	160	2016-05-21	4.423611111111111	40825	182.9	6.1	0.2260596546310832	3.8430141287284147	0.2260596546310832	10.928176694481042	102.85714285714286	non_mating	pipette
J	163	2016-05-21	5.3180555555555555	57720	188.5	18.3	0.18803865238965786	0	0.18803865238965786	10.928176694481042	442.45494907286496	non_mating	pipette
J	219	2016-06-02	5.961944444444445	52775	208.3	13.4	0	0	0.5031915389274565	10.928176694481042	149.95107860038203	non_mating	pipette
J	220	2016-06-02	5.805833333333333	59372	119.6	18	0	0	0.34448112530500935	10.928176694481042	151.0549734462466	non_mating	pipette
J	222	2016-06-02	5.9944444444444445	62160	57.3	20	0	0	0.3336422613531047	10.928176694481042	10.342910101946247	non_mating	salivette
J	223	2016-06-02	5.6658333333333335	68284	82.3	11.7	0	0	0.17649654360935432	10.928176694481042	49.94852184144727	non_mating	salivette
J	270	2016-06-12	2.0008333333333335	32463	359	15.4	0	0	0.4997917534360683	10.928176694481042	0	non_mating	salivette
J	274	2016-06-12	5.999722222222222	54062	191.7	12.1	0	0	1.3333950645863235	10.928176694481042	209.3430251400528	non_mating	salivette
J	276	2016-06-12	5.976111111111111	68640	116.1	6.1	0.16733289950729757	5.6893185832481175	0.16733289950729757	10.928176694481042	564.9158687366366	non_mating	salivette
J	353	2016-06-24	5.996944444444445	51810	142.7	7.1	0.16675158645606558	0	0.6670063458242623	10.928176694481042	14.507388021677706	non_mating	pipette
J	355	2016-06-24	5.3902777777777775	61860	161.2	7.8	0	0	0	10.928176694481042	489.2141200721464	non_mating	salivette
J	389	2016-07-02	5.763888888888889	46430	249.4	10.9	0	0	0.6939759036144578	10.928176694481042	8.154216867469879	non_mating	pipette
J	391	2016-07-02	5.980833333333333	51732	228.7	9.9	0	0	0.5016023408109238	10.928176694481042	0	non_mating	pipette
J	392	2016-07-02	5.9191666666666665	54890	182.6	8.7	0	0	0.5068281008024779	10.928176694481042	184.9922567929044	non_mating	pipette
J	395	2016-07-02	5.623611111111111	64320	280	10	0	0	0	10.928176694481042	194.71474438132873	non_mating	pipette
J	397	2016-07-02	5.905555555555556	68400	182	55.6	0	0	0	10.928176694481042	185.41862652869236	non_mating	pipette
J	447	2016-07-17	5.860833333333333	48057	120	6	0	0	0.5118726005971848	10.928176694481042	47.604151855538184	non_mating	pipette
J	448	2016-07-17	5.773611111111111	50323	261.3	8.3	0	0	0.5196054847245609	10.928176694481042	48.32331007938417	non_mating	pipette
J	450	2016-07-17	5.999722222222222	59409	158.3	10.9	0	0	0.3333487661465809	10.928176694481042	136.67299412009817	non_mating	pipette
J	499	2016-07-28	5.949166666666667	50200	193.4	14.4	0	0	0.33618153803053646	10.928176694481042	12.774898445160387	non_mating	pipette
J	502	2016-07-28	5.902222222222222	66626	64.9	7.3	0	0	0	10.928176694481042	216.18975903614458	non_mating	pipette
J	551	2016-08-08	5.238888888888889	44360	96.2	9.6	0	3.2449628844114526	0.19088016967126192	10.928176694481042	467.2746553552492	non_mating	pipette
J	553	2016-08-08	5.950277777777778	59696	95.3	34	0	0	0	10.928176694481042	432.5848466458148	non_mating	pipette
J	578	2016-08-19	5.600555555555555	45482	112	31.1	0	0	0.5356611447277057	10.928176694481042	144.62850907648053	non_mating	pipette
J	580	2016-08-19	5.722777777777778	47672	165.2	63.9	0	0	0.5242209494223862	10.928176694481042	141.53965634404426	non_mating	pipette
J	582	2016-08-19	5.946944444444444	49143	202.2	16.7	0	0	0.5044607408099397	10.928176694481042	136.20440001868374	non_mating	pipette
J	584	2016-08-19	5.948611111111111	50832	181.2	7.6	0	0	0.3362129348587439	10.928176694481042	136.16623861779127	non_mating	pipette
J	635	2016-08-28	1.6	30480	551.6	25.5	0	0	0	10.928176694481042	361.875	non_mating	pipette
J	638	2016-08-28	5.9875	46340	244.5	14.1	0	0	0.33402922755741127	10.928176694481042	357.24425887265136	non_mating	pipette
J	639	2016-08-28	5.900833333333333	49595	214.7	18.3	0	0	0.3389351786470838	10.928176694481042	264.3694393447253	non_mating	pipette
J	641	2016-08-28	5.998333333333333	53551	84.2	44.2	0	0	0.333425951653237	10.928176694481042	260.07224228952487	non_mating	pipette
J	642	2016-08-28	5.9325	66842	39.3	19.3	0	0	0	10.928176694481042	89.00126422250315	non_mating	pipette
J	693	2016-09-07	2.7230555555555553	35123	169.5	21.5	0	0	0	10.928176694481042	6.242986840763032	non_mating	pipette
J	696	2016-09-07	5.994166666666667	60830	174.8	10.1	0	0	0.333657722786042	10.928176694481042	336.1601557069373	non_mating	pipette
J	779	2016-09-26	4.336666666666667	42862	238.6	11.2	0	0	0.4611837048424289	10.928176694481042	99.84627209838585	non_mating	pipette
J	781	2016-09-26	2.502222222222222	36068	183.8	17.2	0	0	0	10.928176694481042	173.0461811722913	non_mating	pipette
J	784	2016-09-26	5.938888888888889	56123	219	14.3	0	0	0.5051449953227315	10.928176694481042	232.87184284377923	non_mating	pipette
J	860	2016-10-14	5.950833333333334	51960	184.8	12	0	4.201092283993838	0	10.928176694481042	255.09032348410585	non_mating	pipette
J	904	2016-10-24	1.2136111111111112	34849	300.5	19.5	0	0	0	10.928176694481042	0	non_mating	pipette
J	905	2016-10-24	3.3097222222222222	42625	8.1	22.5	0	0	0.6042803189257239	10.928176694481042	613.0423835501468	non_mating	pipette
J	906	2016-10-24	4.1305555555555555	45580	816.4	19.3	0	0	0.484196368527236	10.928176694481042	491.217215870881	non_mating	pipette
K	36	2016-04-16	3.0372222222222223	35714	458.2	40	0	0	0.6584964331443205	7.16440709975833	481.0316444119261	non_mating	pipette
K	41	2016-04-16	5.986111111111111	49380	305.5	13.3	0	0	0	7.16440709975833	269.2900232018562	non_mating	pipette
K	43	2016-04-16	5.293333333333333	68555	152.2	21.7	0.1889168765743073	0	0.9445843828715366	7.16440709975833	0	non_mating	pipette
K	77	2016-04-25	5.4	43980	286.7	13	0	14.999999999999998	0.37037037037037035	7.16440709975833	14.074074074074073	non_mating	pipette
K	78	2016-04-25	5.503055555555555	59850	249.6	61	0.18171722780273586	0	0.5451516834082076	7.16440709975833	0	non_mating	pipette
K	179	2016-05-25	1.6375	34945	328.4	20.9	1.2213740458015268	0	0.6106870229007634	7.16440709975833	0	non_mating	pipette
K	181	2016-05-25	5.990555555555556	66720	276.9	180.8	0	0	0.5007882778447557	7.16440709975833	111.50885653343225	non_mating	pipette
K	186	2016-05-25	5.2775	72094	140	80	0	0	0.18948365703458078	7.16440709975833	77.68829938417812	non_mating	pipette
K	209	2016-05-30	3.8255555555555554	40900	374.8	23.8	1.30699970955562	3.6595991867557363	1.30699970955562	7.16440709975833	120.50537322102818	non_mating	pipette
K	248	2016-06-08	2.2552777777777777	33859	322.4	21.6	0	0	0	7.16440709975833	0	non_mating	pipette
K	250	2016-06-08	5.940555555555555	47684	203.1	2.5	0	0	0.5050032731693632	7.16440709975833	15.150098195080895	non_mating	pipette
K	254	2016-06-08	5.8925	63180	167.8	32.5	0	0	0.3394145099703012	7.16440709975833	3.2244378447178614	non_mating	pipette
K	256	2016-06-08	5.710277777777778	69240	180.2	18.4	0.1751228292065963	98.94439850172691	0.3502456584131926	7.16440709975833	18.03765140827942	non_mating	pipette
K	327	2016-06-19	1.8666666666666667	32880	331.9	17.3	1.0714285714285714	0	0	7.16440709975833	498.2142857142857	non_mating	pipette
K	330	2016-06-19	4.038611111111111	41119	200.4	17.4	2.2284888919458012	156.24183231308893	4.4569777838916025	7.16440709975833	241.17202008391226	non_mating	pipette
K	331	2016-06-19	5.809444444444445	49620	168.8	11	1.5492014918236587	108.61623792674763	3.270536482738835	7.16440709975833	167.65802811513817	non_mating	pipette
K	334	2016-06-19	5.868055555555555	53520	322	45	1.1928994082840236	107.53136094674556	3.2378698224852074	7.16440709975833	7.498224852071006	non_mating	pipette
K	335	2016-06-19	5.969444444444444	57000	233.3	116.7	1.3401582131223826	108.55281526291299	2.3452768729641695	7.16440709975833	0	non_mating	salivette
K	336	2016-06-19	5.847222222222222	68458	122.9	31.7	0.171021377672209	2.9073634204275534	0	7.16440709975833	30.09976247030879	non_mating	salivette
K	362	2016-06-27	5.4475	45341	163.3	13.2	0.36714089031665903	0	1.4685635612666361	7.16440709975833	190.54612207434604	non_mating	pipette
K	365	2016-06-27	5.876944444444445	51465	122.9	29.3	0.17015644940208913	0	1.361251595216713	7.16440709975833	0	non_mating	pipette
K	367	2016-06-27	5.7652777777777775	54180	80	17.5	0.17345218019754277	0	1.3876174415803422	7.16440709975833	0	non_mating	pipette
K	370	2016-06-27	5.674166666666666	61316	124.8	20.4	0.5287119988250845	9.693053311793216	0.8811866647084742	7.16440709975833	0	non_mating	pipette
K	372	2016-06-27	5.712777777777778	69238	62.2	22.2	0.5251385782359234	9.627540600991928	1.2253233492171545	7.16440709975833	56.89001264222503	non_mating	pipette
K	442	2016-07-15	5.851388888888889	63870	80.8	6.5	1.3671967718965108	8.374080227866129	0.3417991929741277	7.16440709975833	113.4773320674104	non_mating	salivette
K	443	2016-07-15	5.648611111111111	72365	93.9	12.3	1.770346692894025	17.70346692894025	0.70813867715761	7.16440709975833	117.55102040816327	non_mating	salivette
K	478	2016-07-24	2.2805555555555554	33950	97.4	1.7	1.315468940316687	93.39829476248478	0	7.16440709975833	0	non_mating	pipette
K	480	2016-07-24	5.633611111111111	49470	130.8	4.7	2.307578521769144	69.40486169321039	0.7100241605443519	7.16440709975833	0	non_mating	pipette
K	526	2016-08-01	5.576388888888889	48198	188.2	8.6	4.48318804483188	331.2179327521793	1.4346201743462017	7.16440709975833	103.83063511830635	non_mating	pipette
K	564	2016-08-14	1.5744444444444445	30628	261.8	19.5	18.419195483415667	762.8087508821453	0	7.16440709975833	0	non_mating	pipette
K	567	2016-08-14	3.7125	38325	219.7	10.1	11.043771043771043	552.1885521885522	1.3468013468013469	7.16440709975833	0	non_mating	pipette
K	569	2016-08-14	5.932222222222222	62424	130.1	22.1	3.034276081663233	187.61940438284321	0.5057126802772055	7.16440709975833	0.8428544671286757	non_mating	pipette
K	612	2016-08-24	2.254166666666667	32775	282.2	7.5	2.6617375231053604	444.51016635859514	0	7.16440709975833	80.29574861367837	non_mating	pipette
K	616	2016-08-24	5.486944444444444	57047	217.4	46.4	2.0047587708196226	388.01194755227056	1.275755581430669	7.16440709975833	299.4380600415127	non_mating	pipette
K	619	2016-08-24	5.900277777777778	67200	66.3	3.7	3.2201873734758246	373.37225177722325	0.33896709194482366	7.16440709975833	471.84219198719455	non_mating	salivette
K	665	2016-09-01	2.323888888888889	33146	367.9	29.7	6.024384413100646	234.95099211092517	1.7212526894573272	7.16440709975833	0	non_mating	pipette
K	668	2016-09-01	4.568888888888889	41228	151.9	13.6	5.9095330739299605	176.19163424124514	1.532101167315175	7.16440709975833	147.73832684824902	non_mating	pipette
K	671	2016-09-01	5.784166666666667	58837	82.5	18.6	3.111943523987898	56.53364068578015	0.864428756663305	7.16440709975833	163.37703500936465	non_mating	pipette
K	673	2016-09-01	5.826666666666667	52039	218.5	13	2.402745995423341	44.450800915331804	1.2013729977116705	7.16440709975833	163.04347826086956	non_mating	pipette
K	676	2016-09-01	5.769722222222223	65272	80.4	37.6	1.2132299841124643	16.638582639256654	0.8665928457946175	7.16440709975833	118.54990130470367	non_mating	pipette
K	720	2016-09-16	2.1194444444444445	33480	108.1	22.2	8.492791612057667	560.524246395806	0	7.16440709975833	51.42857142857143	non_mating	pipette
K	722	2016-09-16	5.8	52550	151.9	44.5	1.5517241379310345	236.0344827586207	0.6896551724137931	7.16440709975833	247.93103448275863	non_mating	pipette
K	723	2016-09-16	5.918888888888889	57060	93.3	37.1	1.351605030974282	304.78693448470057	0.675802515487141	7.16440709975833	242.9510043176272	non_mating	pipette
K	724	2016-09-16	5.926388888888889	61674	126.4	21.4	1.8561049917975159	322.11858448558706	1.1811577220529645	7.16440709975833	161.64987110382	non_mating	pipette
K	752	2016-09-22	3.0083333333333333	37995	244.8	20.9	1.3296398891966759	77.78393351800554	0	7.16440709975833	6.64819944598338	non_mating	pipette
K	754	2016-09-22	5.330555555555556	51394	83.8	23.6	0.7503908285565398	11.818655549765502	0.5627931214174049	7.16440709975833	277.08181344450236	non_mating	pipette
K	824	2016-10-07	5.824722222222222	61160	300.2	101.4	0.8584100338595069	94.08173971100196	0.34336401354380275	7.16440709975833	90.13305355524822	non_mating	pipette
K	849	2016-10-13	2.2694444444444444	36310	409.4	58.8	2.2031823745410035	180.2203182374541	0.8812729498164015	7.16440709975833	209.30232558139537	non_mating	pipette
K	850	2016-10-13	5.865	49254	273.4	80.9	2.0460358056265986	396.58994032395566	0.3410059676044331	7.16440709975833	140.66496163682865	non_mating	pipette
K	852	2016-10-13	5.998333333333333	56136	236.3	101.6	1.667129758266185	338.09391497638234	0	7.16440709975833	314.2539594331759	non_mating	pipette
K	888	2016-10-21	3.2230555555555553	41670	471.1	99.2	2.1718521072136516	104.5591657330001	1.2410583469792296	7.16440709975833	0	non_mating	pipette
K	890	2016-10-21	4.5075	46294	756	80	1.552967276760954	74.76428175263449	0.8874098724348308	7.16440709975833	30.393788130892954	non_mating	pipette
L	31	2016-04-13	2.7333333333333334	34920	69.5	12.4	0.7317073170731707	0	0	5.23898845300055	9.512195121951219	non_mating	pipette
L	32	2016-04-13	5.861111111111111	60000	135.5	17.8	0	0	0.3412322274881517	5.23898845300055	23.545023696682467	non_mating	pipette
L	73	2016-04-23	3.316666666666667	35940	200.2	10.1	0	1.507537688442211	0	5.23898845300055	281.608040201005	non_mating	pipette
L	113	2016-05-04	1.5152777777777777	28855	655.6	63.4	0.6599450045829515	54.77543538038497	0	5.23898845300055	111.5307057745188	non_mating	pipette
L	117	2016-05-04	5.969166666666666	68073	90.1	8.7	0	0	0.16752757224626555	5.23898845300055	0	non_mating	pipette
L	140	2016-05-16	0.6	29520	515.1	35.8	0	0	0	5.23898845300055	0	non_mating	pipette
L	141	2016-05-16	3.3961111111111113	39684	199.3	11.2	0	3.2389988548993944	0.2944544413544904	5.23898845300055	393.0966792082447	non_mating	pipette
L	143	2016-05-16	5.716111111111111	48036	102.7	41.7	0	1.9243852658178637	0.17494411507435126	5.23898845300055	233.5503936242589	non_mating	pipette
L	144	2016-05-16	5.946944444444444	52680	170.1	4.5	0	1.8496893829697791	0.16815358026997992	5.23898845300055	226.50287262366297	non_mating	pipette
L	145	2016-05-16	5.993888888888889	56700	141.9	8	0	1.8352025210862917	0.1668365928260265	5.23898845300055	60.22801001019557	non_mating	pipette
L	189	2016-05-27	2.683333333333333	36960	267.6	8.1	0	0	1.863354037267081	5.23898845300055	0	non_mating	pipette
L	190	2016-05-27	3.855	41400	140	6.1	0	0	1.297016861219196	5.23898845300055	0	non_mating	pipette
L	191	2016-05-27	5.671666666666667	47940	122.1	10.3	0.35263003232441964	0	1.2342051131354688	5.23898845300055	0	non_mating	pipette
L	192	2016-05-27	5.363333333333333	50580	228.6	42.9	0.3729024238657551	0	1.3051584835301429	5.23898845300055	182.72218769422003	non_mating	pipette
L	195	2016-05-27	5.642777777777778	55989	55.1	9.7	0.3544353647730629	0	1.2405237767057202	5.23898845300055	173.67332873880082	non_mating	pipette
L	196	2016-05-27	5.638888888888889	59473	45.8	6.7	0.354679802955665	0	0.354679802955665	5.23898845300055	173.79310344827584	non_mating	pipette
L	197	2016-05-27	5.5441666666666665	62621	80	13	0.36073951600781606	0	0.36073951600781606	5.23898845300055	176.76236284382986	non_mating	pipette
L	198	2016-05-27	5.694166666666667	64590	108.7	25.4	0	0	0.35123664569003366	5.23898845300055	172.10595638811648	non_mating	pipette
L	199	2016-05-27	5.61	70236	139.2	13.9	0	0	0	5.23898845300055	291.2655971479501	non_mating	pipette
L	302	2016-06-15	5.290277777777778	45686	87.2	21.5	0	0	1.3231819375164084	5.23898845300055	0	non_mating	salivette
L	374	2016-06-29	2.0716666666666668	32968	80	13.3	0	0	0	5.23898845300055	1187.93242156074	non_mating	pipette
L	376	2016-06-29	4.055555555555555	40110	291.2	6.4	0.24657534246575344	0	3.6986301369863015	5.23898845300055	606.8219178082192	non_mating	pipette
L	379	2016-06-29	5.582777777777777	69300	67	12.5	0	2.5077122101701663	1.2538561050850832	5.23898845300055	0	non_mating	pipette
L	413	2016-07-07	2.158333333333333	34230	204.9	19.5	0	0	0.46332046332046334	5.23898845300055	74.5945945945946	non_mating	pipette
L	416	2016-07-07	5.975833333333333	54576	96.9	30.3	0.3346813554594896	1.6734067772974481	1.1713847441082137	5.23898845300055	0	non_mating	pipette
L	468	2016-07-22	1.8333333333333333	31380	338.7	13.8	1.090909090909091	0	1.090909090909091	5.23898845300055	0	non_mating	pipette
L	471	2016-07-22	5.910555555555556	52676	100.5	26.9	0	3.8913431713506905	1.184321834758906	5.23898845300055	0	non_mating	pipette
L	472	2016-07-22	5.918055555555555	58423	118.1	45.6	0	3.886411640459986	0.5069232574513025	5.23898845300055	0	non_mating	pipette
L	474	2016-07-22	5.847222222222222	62950	360	17.9	0	0	0	5.23898845300055	0	non_mating	pipette
L	475	2016-07-22	5.735833333333333	64315	235.8	21.1	0	0	0	5.23898845300055	0	non_mating	pipette
L	476	2016-07-22	5.306111111111111	68760	343	8.8	0	0	0	5.23898845300055	86.31556905036122	non_mating	pipette
L	558	2016-08-11	2.078888888888889	33230	273	11.5	0	0	2.8861571352218065	5.23898845300055	0	non_mating	pipette
L	559	2016-08-11	5.962777777777778	70918	105.2	30.5	0	0	0.5031212149445634	5.23898845300055	79.8285661045374	non_mating	pipette
L	613	2016-08-24	3.091388888888889	35849	170.1	9.6	0	0	0	5.23898845300055	69.87150687393297	non_mating	pipette
L	618	2016-08-24	5.840277777777778	59210	60.9	9.2	0	57.70273483947681	0.5136741973840666	5.23898845300055	0	non_mating	pipette
L	650	2016-08-31	2.6330555555555555	34919	211.6	17.8	0	0	0	5.23898845300055	47.09357527165313	non_mating	pipette
L	656	2016-08-31	5.951666666666667	47889	151.2	8.5	0	0	0.33604032483898066	5.23898845300055	20.8345001400168	non_mating	pipette
L	659	2016-08-31	5.997777777777777	57928	113.6	5.7	0	0	0.5001852537977028	5.23898845300055	0	non_mating	pipette
L	709	2016-09-13	5.7	52539	74	32.1	0	59.473684210526315	0	5.23898845300055	142.80701754385964	non_mating	pipette
L	751	2016-09-22	2.359722222222222	35915	343	15.2	0.42377869334902885	0	0	5.23898845300055	749.2407298410831	non_mating	pipette
L	753	2016-09-22	3.75	40920	91.6	18.6	0.26666666666666666	0	0.8	5.23898845300055	493.06666666666666	non_mating	pipette
L	755	2016-09-22	5.896111111111111	61854	238.1	11.2	0	0	0	5.23898845300055	260.68029774804484	non_mating	pipette
L	798	2016-09-29	2.5502777777777776	36961	217.9	26.6	0.7842282975710707	0	0.7842282975710707	5.23898845300055	472.1054351377846	non_mating	pipette
L	800	2016-09-29	5.841388888888889	48809	184.6	23.1	0.5135764896095868	9.586761139378952	0.855960816015978	5.23898845300055	271.16838651386183	non_mating	pipette
L	801	2016-09-29	5.983333333333333	65230	153.8	47.9	0.1671309192200557	9.35933147632312	0.6685236768802229	5.23898845300055	19.05292479108635	non_mating	pipette
L	802	2016-09-29	5.999444444444444	60504	150.2	21.1	0.16668210019446245	9.334197610889897	0.6667284007778498	5.23898845300055	19.00175942216872	non_mating	pipette
L	820	2016-10-06	2.4386111111111113	36979	236.4	32.2	0	0	0	5.23898845300055	75.04271557124957	non_mating	pipette
L	822	2016-10-06	5.411388888888889	64885	311.1	55.6	0	10.163749294184075	0.3695908834248755	5.23898845300055	284.2153893537293	non_mating	pipette
L	864	2016-10-16	4.963888888888889	46730	415.2	43.1	0	0	0.4029099048684947	5.23898845300055	156.1275881365417	non_mating	pipette
L	909	2016-10-26	2.775	42690	190.2	47.2	0	0	0.7207207207207208	5.23898845300055	70.63063063063063	non_mating	pipette
L	911	2016-10-26	3.886111111111111	46690	412.6	52.6	0.5146533238027162	0	0.5146533238027162	5.23898845300055	50.43602573266619	non_mating	pipette
L	915	2016-10-26	5.995555555555556	60874	435.3	81	0.3335804299481097	0	0.16679021497405486	5.23898845300055	132.76501111934766	non_mating	pipette
M	1	2016-03-31	1.6833333333333333	34800	407.9	49.4	0	0	0	2.2464988442929625	650.4950495049505	non_mating	pipette
M	35	2016-04-14	5.9847222222222225	52878	368.1	12.7	0	0	1.0025527964724994	2.2464988442929625	321.1510791366906	non_mating	pipette
M	118	2016-05-06	4.458333333333333	41010	1223.1	18.3	0	0	0	2.2464988442929625	129.6448598130841	non_mating	pipette
M	149	2016-05-18	2.808333333333333	35100	851.5	11	0	0	0	2.2464988442929625	121.42433234421365	non_mating	pipette
M	150	2016-05-18	5.835833333333333	51240	596.9	11	0	0	0.1713551335142082	2.2464988442929625	231.15807511066686	non_mating	pipette
M	216	2016-05-31	5.934444444444445	69871	473.8	25.6	0	0	0	2.2464988442929625	90.15165699307245	non_mating	pipette
M	266	2016-06-09	5.920555555555556	52080	840	24.3	0	0	0.6756122736229708	2.2464988442929625	202.34587595007977	non_mating	salivette
M	322	2016-06-17	2.058333333333333	32370	1736	21	0	0	0.4858299595141701	2.2464988442929625	0	non_mating	pipette
M	386	2016-06-30	5.979444444444445	52075	1072.5	18.6	0	0	0.5017188516212951	2.2464988442929625	117.90393013100436	non_mating	pipette
M	428	2016-07-10	5.958888888888889	49290	577.9	25.6	0	0	0.16781652060413949	2.2464988442929625	163.2854745478277	non_mating	pipette
M	479	2016-07-24	5.916944444444445	47792	866.7	16.7	0.1690061499460119	2.535092249190179	0	2.2464988442929625	150.58447960189662	non_mating	pipette
M	537	2016-08-04	2.477777777777778	34060	1005.5	18.2	0	0	0	2.2464988442929625	60.53811659192825	non_mating	pipette
M	542	2016-08-04	5.943333333333333	52020	321.7	17	0	24.733595064498036	0	2.2464988442929625	357.03869882220977	non_mating	pipette
M	560	2016-08-13	2.511111111111111	34300	1571.4	14.3	0	0	0	2.2464988442929625	208.27433628318585	non_mating	pipette
N	90	2016-04-30	5.968055555555556	63901	626.2	25	0	0	0	12.584457671957672	558.9760297882243	non_mating	pipette
N	168	2016-05-22	5.9911111111111115	51420	118.2	30	0	41.72848664688427	0	12.584457671957672	206.1387240356083	non_mating	pipette
N	170	2016-05-22	5.995833333333334	58605	416.1	22.6	0	55.03822098679638	0	12.584457671957672	620.597637248089	non_mating	pipette
N	221	2016-06-02	5.998333333333333	64152	561	15	0	98.1939427618783	0.333425951653237	12.584457671957672	367.4353987218672	non_mating	salivette
N	271	2016-06-12	1.8694444444444445	32050	943.4	12.4	0	0	0	12.584457671957672	0	non_mating	pipette
N	272	2016-06-12	5.441111111111111	45315	361.5	9.3	0	452.6648968756382	0	12.584457671957672	53.29793751276292	non_mating	pipette
N	402	2016-07-03	5.993611111111111	58869	359.3	16.5	0	162.50637252630116	0	12.584457671957672	329.18385317699403	non_mating	pipette
N	459	2016-07-20	3.792777777777778	37774	50.4	8.5	0.26365900102534057	3.691226014354768	0.26365900102534057	12.584457671957672	0	non_mating	pipette
N	505	2016-07-31	1.475	30330	376	12	0	0	0	12.584457671957672	465.76271186440675	non_mating	pipette
N	506	2016-07-31	2.819722222222222	35171	489.1	13.9	0	0	0	12.584457671957672	744.0449216825929	non_mating	pipette
N	509	2016-07-31	4.894444444444445	42640	506.2	15.4	0	0	0	12.584457671957672	428.6492622020431	non_mating	pipette
N	510	2016-07-31	5.203333333333333	43752	728	13	0	0	0	12.584457671957672	403.2030749519539	non_mating	pipette
N	511	2016-07-31	5.403333333333333	44472	400	21.4	0	0	0	12.584457671957672	388.27884022208514	non_mating	pipette
N	513	2016-07-31	5.6691666666666665	45429	513.3	20	0	0	0	12.584457671957672	370.0720270468911	non_mating	pipette
N	514	2016-07-31	5.894722222222223	48116	700	16.3	0	0	0	12.584457671957672	239.36666509589557	non_mating	pipette
N	516	2016-07-31	5.9425	49725	784	20	0	0	0	12.584457671957672	237.4421539755995	non_mating	pipette
N	548	2016-08-07	3.091388888888889	56430	302.4	22	0	38.81750381885165	0	12.584457671957672	717.1533830532842	non_mating	pipette
N	600	2016-08-20	5.984444444444445	64390	523.9	24.2	0	20.88748607500928	0	12.584457671957672	273.04121797252134	non_mating	pipette
N	637	2016-08-28	3.192222222222222	36332	126	12.5	0	0	0.6265227984684999	12.584457671957672	0	non_mating	pipette
N	713	2016-09-14	0.8783333333333333	30402	338.5	15.9	0	0	0	12.584457671957672	0	non_mating	pipette
N	719	2016-09-14	5.930833333333333	68272	193.9	19.1	0	31.698749473092597	0	12.584457671957672	75.5374455529015	non_mating	pipette
N	783	2016-09-26	5.995833333333334	60490	350.3	17.8	0	88.06115357887421	0	12.584457671957672	287.0326615705351	non_mating	pipette
N	828	2016-10-09	5.999444444444444	63501	246.5	37.7	0	79.34067969256412	0	12.584457671957672	198.18501713121586	non_mating	pipette
